# Time-averaged data for fix totalE
# TimeStep v_Temp v_Et v_Enth
2005000 274.489 -22594.1 -22586.1
2010000 277.172 -22453.1 -22398.2
2015000 279.657 -22286.2 -22265.4
2020000 282.653 -22138.9 -22126
2025000 285.212 -21988.7 -21993
2030000 288.246 -21820.8 -21828.3
2035000 290.55 -21665 -21686.9
2040000 293.975 -21480.3 -21479.7
2045000 296.738 -21323.3 -21284.3
2050000 298.594 -21201.1 -21191.9
2055000 301.884 -21022.5 -21026
2060000 304.422 -20873.4 -20881.6
2065000 306.925 -20685.8 -20665.2
2070000 310.314 -20490.4 -20500.3
2075000 313.519 -20297.3 -20282.1
2080000 316.287 -20108.6 -20134.1
2085000 318.197 -19982.7 -19982.4
2090000 321.101 -19828.4 -19847.7
2095000 323.551 -19665.5 -19672.5
2100000 326.437 -19483.2 -19449.5
2105000 328.838 -19372.9 -19363.7
2110000 331.7 -19176.2 -19171.9
2115000 334.593 -19013.3 -18988.5
2120000 337.509 -18831.5 -18810.1
2125000 340.571 -18659.2 -18657.5
2130000 342.731 -18519 -18516.6
2135000 345.414 -18359.5 -18351
2140000 348.662 -18148.8 -18126.4
2145000 350.861 -17994 -17970.3
2150000 355.152 -17744.4 -17764.2
2155000 356.425 -17666.1 -17658.8
2160000 360.018 -17463.4 -17469.2
2165000 362.19 -17311.3 -17271.7
2170000 365.308 -17110.8 -17185.5
2175000 367.749 -16954.8 -16972.5
2180000 370.842 -16747.1 -16717.7
2185000 373.404 -16584.2 -16573.6
2190000 375.174 -16459.2 -16437.3
2195000 378.641 -16251 -16249
2200000 380.705 -16089.1 -16107.4
2205000 385.174 -15795.4 -15789.1
2210000 386.517 -15722.7 -15737.9
2215000 389.177 -15531.9 -15529.4
2220000 392.574 -15288.3 -15252.9
2225000 395.465 -15106 -15102.5
2230000 398.339 -14936.6 -14938.8
2235000 400.723 -14824.2 -14864.6
2240000 402.874 -14646.2 -14672.7
2245000 405.97 -14517.5 -14520.7
2250000 408.723 -14316 -14287.7
2255000 411.666 -14123 -14142
2260000 414.656 -13899.6 -13867.5
2265000 417.473 -13755.8 -13757.5
2270000 420.243 -13565.5 -13568.7
2275000 422.905 -13358.2 -13345.6
2280000 425.743 -13180.3 -13181.5
2285000 428.471 -12917.9 -12938.3
2290000 431.003 -12793.2 -12763.7
2295000 433.919 -12563.5 -12516.6
2300000 436.986 -12301.8 -12298.5
2305000 439.154 -12168.7 -12152.3
2310000 441.972 -11943.7 -11925
2315000 444.78 -11794 -11846.3
2320000 447.382 -11677.5 -11656.8
2325000 449.919 -11468.2 -11470.9
2330000 452.671 -11215.2 -11233.6
2335000 455.639 -11027.2 -11037.7
2340000 458.747 -10865.9 -10868.7
2345000 461.426 -10637.7 -10684.3
2350000 463.489 -10487.9 -10442.2
2355000 467.177 -10251.3 -10268
2360000 469.262 -10090.9 -10115
2365000 471.558 -9908.56 -9912.39
2370000 474.427 -9726.67 -9732.45
2375000 477.77 -9446.13 -9421.09
2380000 479.896 -9360.93 -9328.44
2385000 483.341 -9198.23 -9186.81
2390000 485.871 -8968.86 -8971.49
2395000 488.635 -8803.92 -8786.33
2400000 492.048 -8506.44 -8534.29
2405000 494.411 -8266.15 -8257.43
2410000 497.843 -7961.71 -7970.6
2415000 500.295 -7759.57 -7749.27
2420000 502.267 -7652.29 -7657.38
2425000 505.822 -7443.05 -7429.17
2430000 508.334 -7229.89 -7255.55
2435000 511.896 -6963.05 -6965.91
2440000 513.081 -6935.69 -6911.35
2445000 515.562 -6653.19 -6738.05
2450000 519.004 -6493.23 -6448.39
2455000 521.771 -6259.82 -6273.13
2460000 524.383 -5942.37 -5964.41
2465000 527.018 -5734.49 -5730.66
2470000 529.652 -5402.36 -5443.14
2475000 533.006 -5116.7 -5102.87
2480000 535.553 -4886.22 -4933.37
2485000 538.333 -4766.4 -4773.68
2490000 541.155 -4551.83 -4562.59
2495000 543.079 -4347.97 -4364
2500000 546.232 -4212.55 -4263.67
2505000 549.467 -3894.4 -3871.43
2510000 552.563 -3726.95 -3767.33
2515000 554.676 -3573.76 -3575.05
2520000 556.81 -3373.81 -3395.69
2525000 559.645 -3179.49 -3225.76
2530000 562.851 -2804.79 -2774.8
2535000 565.434 -2594.23 -2597.09
2540000 569.107 -2256 -2269.23
2545000 572.167 -2045.36 -2001.54
2550000 574.466 -1718.96 -1731.07
2555000 576.038 -1687.26 -1702.74
2560000 579.431 -1350.85 -1343.73
2565000 582.269 -1269.73 -1256.7
2570000 585.716 -1109.22 -1164.81
2575000 587.414 -1028.27 -1039.83
2580000 590.107 -685.876 -704.373
2585000 593.367 -379.347 -378.094
2590000 596.229 -280.347 -242.242
2595000 597.952 -69.3279 -101.371
2600000 601.246 188.987 178.138
2605000 603.659 228.452 249.809
2610000 606.7 548.888 503.618
2615000 610.187 763.554 778.913
2620000 612.953 956.288 958.401
2625000 615.545 1196.09 1215.15
2630000 617.791 1262.75 1206.88
2635000 620.894 1465.41 1519.57
2640000 623.183 1638.69 1642.04
2645000 625.954 1845.37 1881.67
2650000 629.448 2064.35 2063.29
2655000 630.244 2112.45 2113.64
2660000 635.215 2463.04 2494.42
2665000 636.251 2613.31 2564.33
2670000 639.922 2781.41 2858.29
2675000 642.773 2980.67 2996.43
2680000 646.43 3263.5 3229.38
2685000 647.647 3255.06 3284.75
2690000 651.656 3598.72 3530.59
2695000 653.252 3721.72 3749.91
2700000 655.848 3893.14 3850.97
2705000 659.804 4215.35 4224.51
2710000 662.793 4452.45 4434.03
2715000 663.983 4535.03 4567.16
2720000 667.353 4753.97 4781.77
2725000 669.134 4981.05 4937.76
2730000 672.615 5128.47 5171.73
2735000 676.57 5478.82 5478.73
2740000 678.173 5548.69 5594.32
2745000 681.751 5862.71 5853.57
2750000 684.275 6045.22 6066.6
2755000 686.347 6172.02 6194.96
2760000 689.677 6300.37 6280.01
2765000 692.323 6390.3 6418.09
2770000 695.747 6657.8 6663.22
2775000 696.91 6818.96 6872.86
2780000 700.201 6971.94 7032.68
2785000 702.343 7185.49 7186
2790000 707.14 7537.26 7562.38
2795000 709.683 7678.76 7655.24
2800000 711.706 7705.64 7691.29
2805000 715.454 8047.25 8103.75
2810000 716.638 8169.79 8141.38
2815000 719.089 8277.28 8276.64
2820000 722.131 8413.59 8430.66
2825000 726.458 8678.58 8705.64
2830000 727.524 8834 8815.4
2835000 730.359 9062.76 9031.72
2840000 734.688 9340.02 9386.07
2845000 737.32 9516.26 9533.73
2850000 739.046 9649.16 9565.63
2855000 743.161 9764.72 9744.43
2860000 743.931 9860.42 9924.81
2865000 747.364 10085.9 10046
2870000 748.797 10366.5 10455.7
2875000 753.138 10550.8 10476.7
2880000 755.014 10730.2 10734.2
2885000 759.296 10970 10904.5
2890000 760.048 11068.7 11061.9
2895000 763.522 11204 11197
2900000 766.249 11441.1 11427.1
2905000 769.784 11646.8 11708.6
2910000 772.596 11903.2 11963
2915000 773.633 11896 11834.9
2920000 777.995 12213 12279.7
2925000 780.488 12332.7 12330.9
2930000 784.101 12628.1 12609.3
2935000 785.946 12775.6 12823.1
2940000 787.813 12886.1 12845.1
2945000 792.876 13116.5 13088.8
2950000 794.288 13319.4 13360.9
2955000 797.311 13468.8 13540.3
2960000 797.746 13618 13595.8
2965000 803.325 14060 14031.8
2970000 805.002 14097.3 14128.9
2975000 808.526 14323.6 14347.2
2980000 809.241 14356.7 14350
2985000 812.591 14722.8 14755.9
2990000 815.656 14870.2 14862.6
2995000 819.071 14992.1 14946.1
3000000 822.36 15258.9 15301.5
