# Time-averaged data for fix rdf
# TimeStep Number-of-rows
# Row c_1[1] c_1[2] c_1[3] c_1[4] c_1[5] c_1[6] c_1[7] c_1[8] c_1[9] c_1[10] c_1[11]
5000000 250
1 0.03 0 0 0 0 0 0 0 0 0 0
2 0.09 0 0 0 0 0 0 0 0 0 0
3 0.15 0 0 0 0 0 0 0 0 0 0
4 0.21 0 0 0 0 0 0 0 0 0 0
5 0.27 0 0 0 0 0 0 0 0 0 0
6 0.33 0 0 0 0 0 0 0 0 0 0
7 0.39 0 0 0 0 0 0 0 0 0 0
8 0.45 0 0 0 0 0 0 0 0 0 0
9 0.51 0 0 0 0 0 0 0 0 0 0
10 0.57 0 0 0 0 0 0 0 0 0 0
11 0.63 0 0 0 0 0 0 0 0 0 0
12 0.69 0 0 0 0 0 0 0 0 0 0
13 0.75 0 0 0 0 0 0 0 0 0 0
14 0.81 0 0 0 0 0 0 0 0 0 0
15 0.87 0 0 0 0 0 0 0 0 0 0
16 0.93 0 0 0 0 0 0 0 0 0 0
17 0.99 0 0 0 0 0 0 0 0 0 0
18 1.05 0 0 0 0 0 0 0 0 0 0
19 1.11 0 0 0 0 0 0 0 0 0 0
20 1.17 0 0 0 0 0 0 0 0 0 0
21 1.23 0 0 0 0 0 0 0 0 0 0
22 1.29 0 0 0 0 0 0 0 0 0 0
23 1.35 0 0 0 0 0 0 0 0 0 0
24 1.41 0 0 0 0 0 0 0 0 0 0
25 1.47 0 0 0 0 0 0 0 0 0 0
26 1.53 0 0 0 0 0 0 0 0 0 0
27 1.59 0 0 0 0 0 0 0 0 0 0
28 1.65 0 0 0 0 0 0 0 0 0 0
29 1.71 0 0 0 0 0 0 0 0 0 0
30 1.77 0 0 0 0 0 0 0 0 0 0
31 1.83 0 0 0 0 0 0 0 0 0 0
32 1.89 0 0 0 0 0 0 0 0 0 0
33 1.95 0 0 0 0 0 0 0 0 0 0
34 2.01 0 0 0 0 0 0 0 0 0 0
35 2.07 0 0 0 0 0 0 0 0 0 0
36 2.13 0 0 1.70666e-06 1.12108e-07 0 0 0 0 0 0
37 2.19 0 0 1.52965e-05 1.17713e-06 0 0 0 0 0 0
38 2.25 0 0 0.000206645 1.63677e-05 3.05906e-06 2.24719e-07 0 0 0 0
39 2.31 8.65006e-06 6.72646e-07 0.00168532 0.000146973 3.48357e-05 2.92135e-06 0 0 0 0
40 2.37 6.45053e-05 5.9417e-06 0.00958784 0.000929036 0.000326607 2.95506e-05 0 0 0 0
41 2.43 0.000516872 5.03363e-05 0.041118 0.00445493 0.00195737 0.000197303 0 0 0 0
42 2.49 0.00230575 0.000258296 0.139169 0.0169853 0.00908762 0.00101506 0 0 0 0
43 2.55 0.00938914 0.00114641 0.384866 0.053327 0.0301364 0.00385921 0 0 0 0
44 2.61 0.0302998 0.00414888 0.889658 0.141334 0.0802278 0.0117913 0 0 0 0
45 2.67 0.0827933 0.0127344 1.72786 0.320205 0.171374 0.0295229 0 0 3.34599e-05 3.44828e-06
46 2.73 0.191351 0.033479 2.77668 0.620716 0.312202 0.0632935 0 0 0.000286843 3.44828e-05
47 2.79 0.384726 0.0770409 3.66821 1.03535 0.496114 0.119342 3.03537e-05 3.44828e-06 0.00167783 0.000224138
48 2.85 0.677414 0.157077 4.06267 1.51455 0.706917 0.202678 0 3.44828e-06 0.0107275 0.00148966
49 2.91 1.05999 0.287643 3.95936 2.00142 0.919714 0.315713 8.39433e-05 1.37931e-05 0.0429338 0.00676897
50 2.97 1.48923 0.478724 3.57482 2.45932 1.11566 0.458541 0.000268794 4.82759e-05 0.133631 0.0238862
51 3.03 1.90458 0.733069 3.11502 2.87461 1.27785 0.628809 0.00224521 0.000348276 0.33068 0.0679724
52 3.09 2.2438 1.0447 2.67398 3.24536 1.40106 0.822959 0.00714597 0.00134138 0.662548 0.159838
53 3.15 2.46425 1.40036 2.26165 3.57123 1.48194 1.03637 0.0246462 0.0049 1.09795 0.318041
54 3.21 2.54966 1.78251 1.88396 3.85312 1.5283 1.26492 0.0534648 0.0129172 1.55925 0.551348
55 3.27 2.52468 2.17518 1.55736 4.09494 1.53737 1.5035 0.108357 0.0297793 1.85272 0.839031
56 3.33 2.40913 2.56377 1.29519 4.3035 1.52273 1.74856 0.186791 0.0599241 1.92279 1.14865
57 3.39 2.23716 2.93773 1.09855 4.48682 1.4814 1.99563 0.298386 0.109831 1.76994 1.44402
58 3.45 2.04351 3.29152 0.957422 4.6523 1.42877 2.24244 0.44456 0.186841 1.49555 1.7025
59 3.51 1.84223 3.62165 0.860655 4.80627 1.36396 2.48632 0.598431 0.294141 1.23908 1.92418
60 3.57 1.64551 3.9267 0.793644 4.95315 1.29138 2.72518 0.7425 0.431866 1.01279 2.11161
61 3.63 1.45638 4.20584 0.74564 5.09583 1.22021 2.95852 0.830059 0.591052 0.853057 2.27483
62 3.69 1.28654 4.46064 0.712796 5.23676 1.14658 3.1851 0.849225 0.759345 0.749317 2.42299
63 3.75 1.13091 4.69196 0.685621 5.37677 1.07838 3.40518 0.823472 0.927879 0.686173 2.5631
64 3.81 0.992697 4.90156 0.665438 5.51703 1.01676 3.61938 0.753508 1.08707 0.648072 2.69971
65 3.87 0.874742 5.09212 0.648008 5.65796 0.961047 3.82827 0.689182 1.23729 0.621997 2.83498
66 3.93 0.772299 5.26562 0.6329 5.79991 0.914638 4.03329 0.628849 1.37864 0.609238 2.97162
67 3.99 0.688315 5.42501 0.620812 5.94342 0.878842 4.23634 0.590091 1.51537 0.593984 3.10894
68 4.05 0.618821 5.57265 0.610953 6.08894 0.84837 4.43829 0.555029 1.64786 0.578681 3.24677
69 4.11 0.560162 5.71029 0.603387 6.23695 0.832343 4.64234 0.536831 1.77983 0.57377 3.38751
70 4.17 0.514733 5.84048 0.600061 6.38846 0.823526 4.85017 0.515527 1.9103 0.565816 3.53038
71 4.23 0.480233 5.96546 0.599673 6.54427 0.826638 5.06483 0.488278 2.03745 0.571719 3.67893
72 4.29 0.453306 6.08681 0.602209 6.70521 0.840738 5.28939 0.455518 2.15946 0.584717 3.83519
73 4.35 0.435055 6.20655 0.609185 6.8726 0.866592 5.52737 0.427505 2.27719 0.610928 4.00306
74 4.41 0.423451 6.32634 0.621095 7.048 0.905926 5.78306 0.398773 2.39006 0.638264 4.18331
75 4.47 0.419563 6.44828 0.636809 7.23276 0.959354 6.06126 0.376504 2.49954 0.663865 4.37593
76 4.53 0.422102 6.57427 0.658645 7.42903 1.02747 6.36725 0.357951 2.60644 0.664364 4.57389
77 4.59 0.430466 6.70619 0.685126 7.63863 1.11249 6.70741 0.339217 2.71046 0.644427 4.77103
78 4.65 0.445834 6.8464 0.71636 7.86355 1.20757 7.08635 0.324148 2.81246 0.603728 4.96059
79 4.71 0.469314 6.99784 0.753448 8.10627 1.30932 7.50789 0.310476 2.9127 0.559783 5.14091
80 4.77 0.500156 7.16337 0.794213 8.36867 1.40354 7.97135 0.302475 3.01286 0.513514 5.31058
81 4.83 0.539244 7.34635 0.836832 8.65216 1.47119 8.46945 0.288833 3.11093 0.482229 5.47393
82 4.89 0.586492 7.55034 0.883588 8.95896 1.50209 8.99072 0.281265 3.20881 0.462331 5.63447
83 4.95 0.644086 7.77989 0.931194 9.29028 1.48632 9.51926 0.279544 3.3085 0.464775 5.79984
84 5.01 0.710387 8.03925 0.979626 9.64734 1.42697 10.0391 0.279903 3.41074 0.480673 5.97503
85 5.07 0.785873 8.33308 1.02689 10.0306 1.33222 10.536 0.282875 3.51657 0.500836 6.16198
86 5.13 0.869152 8.66579 1.07265 10.4405 1.22132 11.0025 0.291348 3.62816 0.530972 6.36489
87 5.19 0.959072 9.04155 1.11488 10.8766 1.10832 11.4358 0.307659 3.74876 0.551603 6.58064
88 5.25 1.04882 9.46204 1.15454 11.3387 1.01165 11.8404 0.33101 3.88154 0.558727 6.80426
89 5.31 1.13609 9.92798 1.1896 11.8258 0.930547 12.2212 0.352761 4.0263 0.554922 7.03147
90 5.37 1.21553 10.4378 1.22181 12.3374 0.872538 12.5864 0.381186 4.18628 0.552251 7.26271
91 5.43 1.27848 10.9861 1.24734 12.8714 0.833433 12.943 0.412083 4.36311 0.538951 7.49346
92 5.49 1.32459 11.5668 1.26891 13.4268 0.808192 13.2965 0.442606 4.55726 0.536923 7.72845
93 5.55 1.35297 12.173 1.28489 14.0015 0.794677 13.6518 0.473927 4.76971 0.532855 7.96679
94 5.61 1.36484 12.7978 1.29612 14.5938 0.78991 14.0126 0.499111 4.99832 0.55108 8.21863
95 5.67 1.36505 13.4361 1.30188 15.2016 0.790584 14.3814 0.532359 5.24741 0.564126 8.48199
96 5.73 1.35825 14.0848 1.30164 15.8222 0.799237 14.7623 0.559528 5.51477 0.586472 8.7616
97 5.79 1.34647 14.7414 1.29403 16.4521 0.809598 15.1561 0.593888 5.80453 0.606391 9.05679
98 5.85 1.33435 15.4056 1.2791 17.0877 0.824871 15.5658 0.634335 6.12047 0.626442 9.3681
99 5.91 1.32039 16.0764 1.25854 17.7261 0.839787 15.9915 0.668005 6.46003 0.645091 9.69528
100 5.97 1.3072 16.7541 1.23224 18.3638 0.856555 16.4346 0.695027 6.82054 0.665436 10.0397
101 6.03 1.29201 17.4374 1.20018 18.9975 0.871386 16.8944 0.717992 7.20049 0.699129 10.4088
102 6.09 1.27479 18.1251 1.16459 19.6247 0.885798 17.3712 0.732194 7.5957 0.722333 10.7978
103 6.15 1.25654 18.8164 1.12663 20.2434 0.896877 17.8635 0.735446 8.00053 0.75252 11.2111
104 6.21 1.23327 19.5081 1.08804 20.8527 0.906301 18.3707 0.733101 8.41198 0.777318 11.6464
105 6.27 1.20578 20.1976 1.04958 21.4519 0.914804 18.8927 0.720084 8.82397 0.791968 12.0985
106 6.33 1.17557 20.8828 1.01083 22.04 0.92201 19.4288 0.710264 9.23816 0.805038 12.5669
107 6.39 1.14267 21.5614 0.974989 22.6181 0.926929 19.9781 0.699068 9.65358 0.799389 13.0409
108 6.45 1.1079 22.2318 0.94111 23.1866 0.932078 20.5409 0.693439 10.0734 0.785014 13.5151
109 6.51 1.07057 22.8918 0.910962 23.7472 0.935813 21.1164 0.691154 10.4997 0.765439 13.9862
110 6.57 1.03436 23.5412 0.883799 24.3012 0.939516 21.705 0.689856 10.9331 0.74833 14.4552
111 6.63 0.998445 24.1796 0.861145 24.8509 0.944904 22.3078 0.679814 11.368 0.728182 14.92
112 6.69 0.963167 24.8066 0.841213 25.3976 0.950693 22.9253 0.675611 11.808 0.70951 15.3811
113 6.75 0.931892 25.4242 0.826012 25.9441 0.957334 23.5583 0.661849 12.2469 0.704754 15.8474
114 6.81 0.902478 26.0329 0.814843 26.4928 0.966968 24.2091 0.65924 12.6919 0.69209 16.3135
115 6.87 0.876446 26.6346 0.807793 27.0464 0.976904 24.8783 0.650318 13.1385 0.692927 16.7884
116 6.93 0.853375 27.2307 0.805354 27.608 0.989127 25.5677 0.647682 13.5912 0.697181 17.2745
117 6.99 0.835132 27.8242 0.807685 28.1811 1.00416 26.2797 0.649299 14.0529 0.706636 17.7759
118 7.05 0.821242 28.4179 0.81358 28.7682 1.01944 27.015 0.657134 14.5283 0.719925 18.2955
119 7.11 0.812302 29.0152 0.822736 29.3722 1.03772 27.7764 0.662683 15.0158 0.738429 18.8375
120 7.17 0.807071 29.6187 0.835997 29.9963 1.05639 28.5645 0.661206 15.5105 0.758501 19.4038
121 7.23 0.806879 30.2322 0.851927 30.6429 1.07611 29.3809 0.663513 16.0153 0.773792 19.9911
122 7.29 0.811313 30.8593 0.869471 31.3139 1.09431 30.2249 0.662094 16.5274 0.795845 20.6053
123 7.35 0.818779 31.5027 0.889497 32.0117 1.11092 31.0959 0.656571 17.0436 0.80852 21.2395
124 7.41 0.832344 32.1675 0.910711 32.7378 1.12685 31.9938 0.644651 17.5587 0.824703 21.8971
125 7.47 0.849585 32.857 0.932135 33.4931 1.14073 32.9176 0.628641 18.0692 0.834896 22.5736
126 7.53 0.870249 33.5748 0.953732 34.2783 1.15013 33.864 0.616181 18.5777 0.838147 23.2636
127 7.59 0.895072 34.3248 0.975346 35.0942 1.15684 34.8312 0.600352 19.081 0.842447 23.9684
128 7.65 0.921336 35.1091 0.995506 35.9402 1.16012 35.8165 0.589731 19.5833 0.836663 24.6793
129 7.71 0.949248 35.9298 1.01496 36.8163 1.1601 36.8173 0.58198 20.0868 0.827219 25.3934
130 7.77 0.978947 36.7895 1.03308 37.722 1.15595 37.8301 0.576453 20.5933 0.810596 26.104
131 7.83 1.00858 37.6889 1.04875 38.6556 1.14897 38.8524 0.571997 21.1036 0.79778 26.8142
132 7.89 1.03705 38.6279 1.0623 39.6159 1.13962 39.882 0.569728 21.6198 0.787727 27.5263
133 7.95 1.06477 39.6068 1.07379 40.6014 1.12559 40.9145 0.574531 22.1483 0.773704 28.2364
134 8.01 1.09015 40.6241 1.08221 41.6096 1.11066 41.9486 0.576086 22.6862 0.763931 28.9481
135 8.07 1.11304 41.6785 1.08881 42.6393 1.09474 42.9833 0.586142 23.2417 0.759938 29.6667
136 8.13 1.13133 42.7661 1.093 43.6883 1.07588 44.0154 0.605791 23.8245 0.758724 30.3949
137 8.19 1.14516 43.8834 1.09481 44.7547 1.05862 45.0459 0.624916 24.4345 0.762564 31.1377
138 8.25 1.15553 45.0274 1.09415 45.836 1.04139 46.0745 0.653195 25.0815 0.769283 31.898
139 8.31 1.16137 46.1939 1.09244 46.9315 1.02375 47.1005 0.687473 25.7724 0.779663 32.6798
140 8.37 1.16192 47.3779 1.0883 48.0386 1.00645 48.1238 0.715338 26.5018 0.791045 33.4845
141 8.43 1.15942 48.5764 1.08355 49.1567 0.990136 49.145 0.747611 27.275 0.798274 34.3083
142 8.49 1.15278 49.785 1.07731 50.2843 0.975946 50.1659 0.774764 28.0878 0.807748 35.1537
143 8.55 1.14239 50.9997 1.071 51.4212 0.962064 51.1865 0.800352 28.9393 0.817989 36.022
144 8.61 1.13093 52.2191 1.06329 52.5658 0.950245 52.2089 0.828247 29.8328 0.821168 36.906
145 8.67 1.11615 53.4395 1.0557 53.7181 0.938894 53.2331 0.850847 30.7637 0.832539 37.8147
146 8.73 1.10136 54.6604 1.04721 54.877 0.929134 54.2608 0.872029 31.7309 0.848862 38.7542
147 8.79 1.08562 55.8804 1.03932 56.0431 0.920442 55.2929 0.89226 32.7342 0.871173 39.7316
148 8.85 1.06974 57.0991 1.0307 57.2153 0.913385 56.3311 0.910991 33.7726 0.892173 40.7462
149 8.91 1.05423 58.3164 1.02167 58.3931 0.908057 57.3773 0.920874 34.8366 0.919069 41.8057
150 8.97 1.03922 59.5327 1.01313 59.5768 0.904057 58.433 0.930191 35.9258 0.941029 42.9052
151 9.03 1.02348 60.7465 1.00452 60.7662 0.901561 59.4999 0.930957 37.0306 0.963375 44.0459
152 9.09 1.00917 61.9594 0.996293 61.9616 0.900231 60.5794 0.923896 38.1416 0.980522 45.2224
153 9.15 0.995204 63.1713 0.987956 63.1626 0.901328 61.6745 0.913914 39.2552 0.994329 46.4312
154 9.21 0.982192 64.3832 0.979999 64.3697 0.903191 62.7864 0.897053 40.3626 1.00501 47.6691
155 9.27 0.969156 65.5945 0.973231 65.5841 0.906891 63.9174 0.883276 41.4672 1.01117 48.9308
156 9.33 0.957307 66.8066 0.966683 66.806 0.911562 65.069 0.868739 42.5678 1.00435 50.2004
157 9.39 0.947079 68.0212 0.961568 68.0372 0.918122 66.2438 0.857677 43.6683 0.998773 51.4791
158 9.45 0.93686 69.2382 0.957902 69.2793 0.925932 67.4438 0.848744 44.7714 0.988231 52.7606
159 9.51 0.928134 70.4591 0.955183 70.5337 0.934378 68.6702 0.844745 45.8833 0.982163 54.0504
160 9.57 0.920862 71.6858 0.954093 71.8026 0.942717 69.9232 0.83851 47.0009 0.973435 55.345
161 9.63 0.915286 72.9204 0.953721 73.0869 0.953132 71.206 0.83709 48.1307 0.966375 56.6463
162 9.69 0.91027 74.1636 0.954946 74.3889 0.96319 72.5185 0.835171 49.272 0.959093 57.954
163 9.75 0.907766 75.4188 0.957824 75.711 0.974051 73.8624 0.83596 50.4285 0.950593 59.2662
164 9.81 0.906878 76.6882 0.961305 77.0544 0.984 75.2367 0.833757 51.5963 0.940299 60.5802
165 9.87 0.907365 77.9739 0.965721 78.4205 0.994388 76.6425 0.838994 52.7857 0.926841 61.8913
166 9.93 0.909689 79.2786 0.971035 79.8108 1.00454 78.08 0.841191 53.9929 0.914954 63.2013
167 9.99 0.913426 80.6046 0.97662 81.2261 1.0137 79.5482 0.847481 55.2238 0.904642 64.5123
168 10.05 0.919469 81.9554 0.983115 82.668 1.02253 81.0471 0.845211 56.4662 0.899628 65.8317
169 10.11 0.92626 83.3325 0.989775 84.137 1.03067 82.576 0.845146 57.7234 0.891263 67.1545
170 10.17 0.934866 84.7389 0.9967 85.634 1.03821 84.1343 0.841832 58.9906 0.884352 68.4827
171 10.23 0.944549 86.1767 1.00324 87.1585 1.04543 85.7221 0.839541 60.2693 0.881067 69.8216
172 10.29 0.955556 87.6484 1.00944 88.7106 1.05149 87.3379 0.837405 61.5597 0.875613 71.1679
173 10.35 0.967619 89.156 1.01536 90.29 1.05641 88.9803 0.835665 62.8625 0.868727 72.5192
174 10.41 0.979722 90.7003 1.02058 91.896 1.06066 90.6484 0.836821 64.1823 0.861662 73.8751
175 10.47 0.992626 92.2831 1.02539 93.5282 1.06326 92.3399 0.838023 65.5192 0.854001 75.2345
176 10.53 1.00518 93.9042 1.02894 95.1849 1.06444 94.0528 0.834846 66.8664 0.854166 76.6098
177 10.59 1.01769 95.5643 1.03205 96.8655 1.06473 95.7857 0.835738 68.2305 0.855898 78.0036
178 10.65 1.02925 97.2623 1.03424 98.5689 1.06365 97.5365 0.83238 69.6045 0.863302 79.4254
179 10.71 1.03961 98.9968 1.03562 100.294 1.06113 99.303 0.825352 70.9823 0.872106 80.878
180 10.77 1.04873 100.766 1.03619 102.039 1.05821 101.084 0.821787 72.3695 0.881266 82.3623
181 10.83 1.05744 102.57 1.03562 103.803 1.05363 102.878 0.819752 73.7688 0.89247 83.8823
182 10.89 1.06283 104.404 1.03416 105.584 1.04927 104.684 0.82113 75.186 0.903034 85.4374
183 10.95 1.068 106.266 1.03258 107.382 1.0437 106.5 0.826244 76.6278 0.914171 87.029
184 11.01 1.07025 108.153 1.03032 109.195 1.03807 108.326 0.835251 78.1013 0.923511 88.6546
185 11.07 1.07129 110.063 1.02713 111.023 1.03184 110.161 0.84827 79.6142 0.93108 90.3114
186 11.13 1.07057 111.992 1.02383 112.865 1.02582 112.005 0.867523 81.1782 0.936004 91.9951
187 11.19 1.06791 113.937 1.01983 114.719 1.02016 113.859 0.880233 82.7823 0.938539 93.7016
188 11.25 1.06408 115.896 1.01585 116.586 1.01399 115.722 0.906335 84.4517 0.94087 95.4307
189 11.31 1.05942 117.867 1.01137 118.464 1.00812 117.593 0.927036 86.1775 0.944021 97.1842
190 11.37 1.05358 119.848 1.0069 120.355 1.00165 119.472 0.949463 87.9638 0.941468 98.9515
191 11.43 1.04687 121.837 1.00256 122.256 0.995485 121.36 0.967335 89.8031 0.952002 100.758
192 11.49 1.0399 123.834 0.998081 124.17 0.989472 123.256 0.983963 91.6936 0.956146 102.591
193 11.55 1.03223 125.837 0.993666 126.095 0.983857 125.16 0.992949 93.6214 0.966655 104.463
194 11.61 1.0241 127.845 0.989915 128.032 0.97855 127.075 0.99009 95.5636 0.977824 106.377
195 11.67 1.01623 129.858 0.986558 129.983 0.973931 129 0.992319 97.5304 0.986314 108.328
196 11.73 1.00857 131.876 0.982952 131.947 0.969565 130.936 0.989004 99.5108 0.995502 110.317
197 11.79 1.00054 133.899 0.980673 133.927 0.96661 132.886 0.985147 101.504 1.00654 112.348
198 11.85 0.992966 135.927 0.978336 135.921 0.964223 134.851 0.982986 103.513 1.01391 114.416
199 11.91 0.98687 137.963 0.976435 137.933 0.96208 136.831 0.978704 105.533 1.01765 116.512
200 11.97 0.980561 140.007 0.975677 139.963 0.961834 138.831 0.971712 107.559 1.02011 118.634
201 12.03 0.974718 142.059 0.975638 142.013 0.961572 140.851 0.969498 109.601 1.0197 120.777
202 12.09 0.970042 144.121 0.975868 144.084 0.962483 142.892 0.958428 111.64 1.01843 122.939
203 12.15 0.965934 146.195 0.976669 146.178 0.964287 144.958 0.952393 113.686 1.0175 125.12
204 12.21 0.96279 148.283 0.977749 148.294 0.966416 147.049 0.945342 115.737 1.01304 127.313
205 12.27 0.960963 150.387 0.979712 150.436 0.968576 149.165 0.937976 117.792 1.01141 129.524
206 12.33 0.959456 152.509 0.98202 152.604 0.972484 151.311 0.933736 119.858 1.01015 131.754
207 12.39 0.959486 154.651 0.984128 154.798 0.975851 153.485 0.932922 121.943 1.00732 133.999
208 12.45 0.960157 156.816 0.986993 157.019 0.979275 155.688 0.933024 124.047 1.00464 136.26
209 12.51 0.96072 159.003 0.989772 159.269 0.983294 157.921 0.935484 126.178 1.00131 138.536
210 12.57 0.962933 161.216 0.992846 161.546 0.987081 160.185 0.940482 128.341 1.0008 140.832
211 12.63 0.965839 163.457 0.995996 163.854 0.990305 162.477 0.945492 130.536 1.00066 143.15
212 12.69 0.969384 165.728 0.999388 166.19 0.993904 164.8 0.949144 132.76 0.998943 145.486
213 12.75 0.973418 168.029 1.0024 168.557 0.997457 167.153 0.95082 135.01 1.00153 147.85
214 12.81 0.977045 170.361 1.00519 170.952 1.00071 169.537 0.95127 137.281 1.00508 150.245
215 12.87 0.982408 172.728 1.00808 173.376 1.00441 171.951 0.949458 139.57 1.00662 152.666
216 12.93 0.987696 175.13 1.01039 175.829 1.00664 174.393 0.948814 141.879 1.01193 155.123
217 12.99 0.993758 177.569 1.01298 178.311 1.00934 176.865 0.950821 144.214 1.01812 157.617
218 13.05 0.998291 180.042 1.01477 180.821 1.01181 179.366 0.949057 146.566 1.02572 160.154
219 13.11 1.00417 182.552 1.01605 183.357 1.01393 181.895 0.953331 148.95 1.02573 162.714
220 13.17 1.00896 185.098 1.0169 185.918 1.01543 184.451 0.954362 151.36 1.02946 165.307
221 13.23 1.01372 187.679 1.01747 188.504 1.01654 187.033 0.960468 153.806 1.03023 167.925
222 13.29 1.01822 190.295 1.01736 191.113 1.0174 189.641 0.962523 156.28 1.02928 170.565
223 13.35 1.02182 192.943 1.01708 193.745 1.01834 192.275 0.968273 158.792 1.02708 173.223
224 13.41 1.02479 195.624 1.01616 196.399 1.01801 194.932 0.972828 161.338 1.03069 175.914
225 13.47 1.02763 198.336 1.01494 199.073 1.01794 197.612 0.97783 163.92 1.03029 178.629
226 13.53 1.02925 201.077 1.0136 201.767 1.01762 200.316 0.985556 166.545 1.03511 181.38
227 13.59 1.03033 203.844 1.01177 204.48 1.01708 203.042 0.98723 169.199 1.03534 184.157
228 13.65 1.03061 206.637 1.00993 207.213 1.01584 205.789 0.991855 171.889 1.03872 186.967
229 13.71 1.03063 209.455 1.00771 209.963 1.01501 208.558 0.994372 174.609 1.03892 189.803
230 13.77 1.02973 212.295 1.00573 212.732 1.01363 211.347 0.995693 177.356 1.0351 192.653
231 13.83 1.02882 215.157 1.00391 215.521 1.01252 214.157 0.9964 180.13 1.03305 195.522
232 13.89 1.02772 218.041 1.00143 218.326 1.01164 216.99 0.998992 182.935 1.03052 198.409
233 13.95 1.02566 220.945 0.999246 221.15 1.00999 219.842 1.00025 185.768 1.02563 201.307
234 14.01 1.02327 223.866 0.997007 223.991 1.00851 222.715 1.00244 188.631 1.02211 204.22
235 14.07 1.02054 226.805 0.995044 226.852 1.00768 225.61 1.00846 191.537 1.01895 207.15
236 14.13 1.01767 229.76 0.99268 229.73 1.00626 228.526 1.01114 194.475 1.01599 210.095
237 14.19 1.0148 232.732 0.990802 232.627 1.00539 231.464 1.019 197.461 1.01492 213.063
238 14.25 1.0112 235.719 0.989046 235.543 1.00439 234.424 1.02369 200.486 1.01668 216.06
239 14.31 1.00772 238.72 0.987201 238.479 1.0029 237.404 1.02763 203.549 1.02173 219.098
240 14.37 1.00451 241.737 0.985824 241.435 1.00216 240.408 1.03246 206.652 1.02801 222.181
241 14.43 1.00092 244.769 0.985121 244.413 1.00111 243.433 1.03303 209.782 1.0351 225.311
242 14.49 0.997667 247.816 0.984275 247.414 0.99976 246.479 1.03684 212.95 1.04112 228.485
243 14.55 0.99459 250.878 0.983546 250.438 0.999252 249.549 1.03291 216.133 1.0463 231.701
244 14.61 0.991458 253.956 0.983491 253.486 0.998347 252.642 1.03192 219.338 1.04444 234.939
245 14.67 0.988508 257.051 0.983884 256.56 0.997923 255.759 1.02733 222.556 1.04398 238.201
246 14.73 0.986351 260.164 0.98426 259.662 0.997093 258.898 1.01985 225.776 1.03843 241.473
247 14.79 0.983962 263.294 0.985031 262.79 0.996812 262.063 1.01613 229.011 1.03276 244.753
248 14.85 0.982495 266.446 0.986072 265.948 0.996527 265.252 1.00476 232.236 1.0229 248.029
249 14.91 0.981142 269.618 0.987443 269.135 0.996014 268.465 1.00265 235.48 1.01813 251.315
250 14.97 0.980783 272.815 0.989071 272.354 0.995415 271.703 1.00001 238.741 1.00826 254.596
6000000 250
1 0.03 0 0 0 0 0 0 0 0 0 0
2 0.09 0 0 0 0 0 0 0 0 0 0
3 0.15 0 0 0 0 0 0 0 0 0 0
4 0.21 0 0 0 0 0 0 0 0 0 0
5 0.27 0 0 0 0 0 0 0 0 0 0
6 0.33 0 0 0 0 0 0 0 0 0 0
7 0.39 0 0 0 0 0 0 0 0 0 0
8 0.45 0 0 0 0 0 0 0 0 0 0
9 0.51 0 0 0 0 0 0 0 0 0 0
10 0.57 0 0 0 0 0 0 0 0 0 0
11 0.63 0 0 0 0 0 0 0 0 0 0
12 0.69 0 0 0 0 0 0 0 0 0 0
13 0.75 0 0 0 0 0 0 0 0 0 0
14 0.81 0 0 0 0 0 0 0 0 0 0
15 0.87 0 0 0 0 0 0 0 0 0 0
16 0.93 0 0 0 0 0 0 0 0 0 0
17 0.99 0 0 0 0 0 0 0 0 0 0
18 1.05 0 0 0 0 0 0 0 0 0 0
19 1.11 0 0 0 0 0 0 0 0 0 0
20 1.17 0 0 0 0 0 0 0 0 0 0
21 1.23 0 0 0 0 0 0 0 0 0 0
22 1.29 0 0 0 0 0 0 0 0 0 0
23 1.35 0 0 0 0 0 0 0 0 0 0
24 1.41 0 0 0 0 0 0 0 0 0 0
25 1.47 0 0 0 0 0 0 0 0 0 0
26 1.53 0 0 0 0 0 0 0 0 0 0
27 1.59 0 0 0 0 0 0 0 0 0 0
28 1.65 0 0 0 0 0 0 0 0 0 0
29 1.71 0 0 0 0 0 0 0 0 0 0
30 1.77 0 0 0 0 0 0 0 0 0 0
31 1.83 0 0 0 0 0 0 0 0 0 0
32 1.89 0 0 0 0 0 0 0 0 0 0
33 1.95 0 0 0 0 0 0 0 0 0 0
34 2.01 0 0 0 0 0 0 0 0 0 0
35 2.07 0 0 1.05965e-05 6.16592e-07 0 0 0 0 0 0
36 2.13 0 0 8.02112e-05 5.54933e-06 1.83489e-06 1.1236e-07 0 0 0 0
37 2.19 8.6051e-06 5.60538e-07 0.000734565 5.33072e-05 1.03398e-05 7.86517e-07 0 0 0 0
38 2.25 7.66722e-05 5.8296e-06 0.00379635 0.000313957 0.000101428 7.75281e-06 0 0 0 0
39 2.31 0.000409779 3.55381e-05 0.015054 0.00140336 0.000650806 5.48315e-05 0 0 0 0
40 2.37 0.00149402 0.000149552 0.050301 0.00523498 0.00288678 0.000274607 0 0 0 0
41 2.43 0.00525276 0.000570852 0.140102 0.0164548 0.0105321 0.00111753 0 0 0 0
42 2.49 0.0153702 0.00186547 0.331769 0.0443521 0.0285775 0.00351933 0 0 0 0
43 2.55 0.0388098 0.00529361 0.694838 0.10563 0.0657074 0.00931124 0 0 0 0
44 2.61 0.0869243 0.0133381 1.28152 0.22403 0.128934 0.0212178 0 0 0.000298959 2.75862e-05
45 2.67 0.173417 0.0301331 2.05007 0.422249 0.222507 0.042721 0 0 0.000962946 0.00012069
46 2.73 0.310532 0.0615753 2.84155 0.709488 0.342043 0.0772799 3.42176e-05 3.44828e-06 0.0040288 0.000527586
47 2.79 0.5059 0.115077 3.42588 1.07119 0.48024 0.127959 0 3.44828e-06 0.0142438 0.00203103
48 2.85 0.759526 0.198893 3.67399 1.47595 0.62675 0.196973 0.000343274 4.13793e-05 0.0449351 0.00697931
49 2.91 1.05032 0.319734 3.61219 1.89085 0.772621 0.285672 0.000509009 0.0001 0.107634 0.0193414
50 2.97 1.35573 0.482214 3.35634 2.29241 0.905837 0.393997 0.0016963 0.000303448 0.230547 0.0469207
51 3.03 1.63872 0.686627 2.99835 2.66579 1.02072 0.521044 0.0051672 0.000948276 0.42955 0.100407
52 3.09 1.87273 0.929576 2.60943 3.00373 1.11447 0.665306 0.0131757 0.00265862 0.701205 0.191217
53 3.15 2.03953 1.20454 2.22642 3.30338 1.18778 0.825087 0.0308649 0.00682069 1.05226 0.332834
54 3.21 2.13046 1.50281 1.87261 3.5651 1.23858 0.998108 0.0620156 0.0155069 1.38218 0.526007
55 3.27 2.14824 1.81492 1.5709 3.79293 1.27406 1.1828 0.11294 0.0319241 1.60904 0.759376
56 3.33 2.10681 2.13234 1.32749 3.9926 1.29021 1.37676 0.184141 0.0596828 1.65932 1.00895
57 3.39 2.02042 2.44782 1.13826 4.17003 1.29345 1.57827 0.279078 0.103279 1.55461 1.25128
58 3.45 1.90772 2.75633 0.997878 4.33113 1.28463 1.78556 0.386463 0.16581 1.39891 1.47713
59 3.51 1.77619 3.05364 0.896791 4.48099 1.26368 1.99661 0.494483 0.248631 1.23067 1.6828
60 3.57 1.63513 3.33678 0.822537 4.62318 1.2338 2.20978 0.594216 0.351586 1.08579 1.8705
61 3.63 1.49697 3.60478 0.768902 4.7606 1.20024 2.42418 0.680721 0.473531 0.943001 2.03904
62 3.69 1.3607 3.8565 0.729814 4.89539 1.16234 2.63872 0.751919 0.612717 0.849426 2.19591
63 3.75 1.23807 4.09304 0.70243 5.02937 1.1229 2.85278 0.783781 0.762559 0.770914 2.34294
64 3.81 1.12193 4.31429 0.680613 5.16337 1.08215 3.06573 0.796123 0.919662 0.720316 2.48476
65 3.87 1.0166 4.52115 0.663065 5.29807 1.04471 3.27782 0.782157 1.0789 0.68108 2.6231
66 3.93 0.926533 4.71556 0.651889 5.43463 1.01245 3.48979 0.752314 1.23684 0.653982 2.7601
67 3.99 0.846395 4.89862 0.642669 5.5734 0.983066 3.70194 0.706885 1.38981 0.636779 2.89759
68 4.05 0.77571 5.07148 0.636562 5.71502 0.96288 3.91603 0.665288 1.53814 0.620225 3.03557
69 4.11 0.718051 5.23626 0.63255 5.85995 0.949339 4.13341 0.619809 1.68047 0.611391 3.17564
70 4.17 0.668553 5.39419 0.630904 6.00874 0.942507 4.35557 0.562387 1.81339 0.613407 3.32031
71 4.23 0.6296 5.54723 0.632025 6.16213 0.944737 4.58471 0.519474 1.93974 0.608437 3.46796
72 4.29 0.597453 5.69661 0.635984 6.32088 0.95593 4.82319 0.483417 2.06067 0.618519 3.62235
73 4.35 0.574826 5.84437 0.642776 6.48585 0.975811 5.07348 0.443639 2.17478 0.622299 3.78207
74 4.41 0.559092 5.99209 0.652158 6.65787 1.00671 5.33887 0.410121 2.2832 0.621481 3.94601
75 4.47 0.549116 6.14114 0.665438 6.83821 1.04782 5.62268 0.375726 2.38525 0.618934 4.11375
76 4.53 0.546485 6.29349 0.682166 7.02808 1.10276 5.92943 0.356258 2.48463 0.613959 4.28465
77 4.59 0.549309 6.45071 0.700976 7.22838 1.16909 6.26331 0.338486 2.58156 0.595196 4.45476
78 4.65 0.56012 6.61524 0.724283 7.44079 1.23938 6.62658 0.323304 2.67659 0.575846 4.62364
79 4.71 0.574735 6.78845 0.751395 7.66688 1.31419 7.02178 0.311774 2.77061 0.55344 4.79017
80 4.77 0.597552 6.97316 0.781598 7.90809 1.3801 7.44744 0.303045 2.86434 0.540337 4.95692
81 4.83 0.625046 7.17126 0.814266 8.16574 1.42594 7.89837 0.296213 2.95828 0.52798 5.12398
82 4.89 0.660453 7.38581 0.850508 8.44158 1.44836 8.36785 0.294808 3.0541 0.523819 5.29387
83 4.95 0.700803 7.6191 0.888024 8.7367 1.43903 8.84582 0.299799 3.15396 0.514692 5.4649
84 5.01 0.748684 7.8744 0.927954 9.05262 1.40279 9.32312 0.299429 3.25612 0.513481 5.63971
85 5.07 0.80107 8.15416 0.969272 9.39056 1.34051 9.7902 0.304083 3.36238 0.521564 5.82155
86 5.13 0.857834 8.46087 1.01032 9.75119 1.26656 10.242 0.312211 3.47407 0.529229 6.01045
87 5.19 0.918689 8.79707 1.05066 10.135 1.18671 10.6753 0.323628 3.59256 0.535283 6.206
88 5.25 0.97854 9.16351 1.08951 10.5424 1.11091 11.0904 0.33458 3.71792 0.545576 6.40996
89 5.31 1.03732 9.56089 1.1282 10.9738 1.04263 11.4889 0.354193 3.85368 0.551798 6.62098
90 5.37 1.08928 9.98766 1.16121 11.428 0.98462 11.8737 0.376342 4.0012 0.559521 6.83982
91 5.43 1.13388 10.4419 1.1928 11.905 0.938838 12.249 0.400979 4.16191 0.573925 7.06933
92 5.49 1.17222 10.9219 1.21894 12.4033 0.898612 12.6161 0.427517 4.33707 0.582172 7.30731
93 5.55 1.19845 11.4235 1.24041 12.9216 0.869507 12.9791 0.454993 4.52759 0.594162 7.55554
94 5.61 1.21744 11.9441 1.25633 13.4579 0.846577 13.3403 0.487799 4.73628 0.610501 7.81613
95 5.67 1.2297 12.4812 1.26565 14.0097 0.829832 13.7019 0.522884 4.96478 0.621647 8.08719
96 5.73 1.23672 13.0329 1.26885 14.5748 0.819137 14.0665 0.555875 5.21288 0.63751 8.37109
97 5.79 1.23903 13.5972 1.26541 15.1502 0.81101 14.435 0.59411 5.48362 0.653792 8.66835
98 5.85 1.23981 14.1737 1.25554 15.733 0.809643 14.8106 0.62278 5.77334 0.664707 8.97688
99 5.91 1.23479 14.7597 1.23955 16.3202 0.810195 15.1942 0.655665 6.08465 0.678218 9.29817
100 5.97 1.22805 15.3543 1.21925 16.9096 0.813729 15.5874 0.675896 6.41212 0.687976 9.63073
101 6.03 1.22015 15.9571 1.1944 17.4987 0.818573 15.9909 0.699035 6.75764 0.698778 9.97533
102 6.09 1.2097 16.5667 1.1666 18.0855 0.824927 16.4056 0.719078 7.12017 0.706048 10.3305
103 6.15 1.19488 17.1807 1.13712 18.6688 0.832231 16.8323 0.727414 7.49418 0.716772 10.6982
104 6.21 1.1803 17.7991 1.10682 19.2478 0.841253 17.2721 0.736747 7.88039 0.72015 11.0749
105 6.27 1.16185 18.4197 1.07606 19.8215 0.849655 17.7249 0.745173 8.27861 0.727245 11.4627
106 6.33 1.14111 19.0409 1.04541 20.3897 0.859067 18.1915 0.742919 8.68326 0.730348 11.8596
107 6.39 1.12053 19.6625 1.01687 20.9528 0.867969 18.672 0.742318 9.09528 0.735464 12.2669
108 6.45 1.09666 20.2824 0.989781 21.5113 0.877363 19.1668 0.740016 9.51376 0.736723 12.6827
109 6.51 1.0749 20.9013 0.964152 22.0655 0.886961 19.6764 0.735964 9.93774 0.732254 13.1036
110 6.57 1.05099 21.5176 0.941122 22.6165 0.897019 20.2012 0.728911 10.3654 0.731567 13.5319
111 6.63 1.02737 22.1312 0.921495 23.1659 0.907329 20.7419 0.726263 10.7994 0.722233 13.9626
112 6.69 1.00629 22.7431 0.904666 23.715 0.918808 21.2994 0.71941 11.2371 0.718875 14.399
113 6.75 0.984445 23.3525 0.890627 24.2654 0.930512 21.8741 0.711644 11.6778 0.713574 14.84
114 6.81 0.96549 23.9608 0.879582 24.8187 0.943982 22.4675 0.706273 12.1231 0.709379 15.2862
115 6.87 0.948226 24.5688 0.871321 25.3764 0.956406 23.0794 0.689425 12.5654 0.707339 15.739
116 6.93 0.931815 25.1768 0.86596 25.9405 0.971012 23.7116 0.684066 13.012 0.701596 16.196
117 6.99 0.917745 25.786 0.864446 26.5133 0.985875 24.3646 0.671801 13.4582 0.705777 16.6637
118 7.05 0.906286 26.3979 0.865125 27.0965 1.00249 25.04 0.658288 13.9029 0.702677 17.1375
119 7.11 0.898286 27.0148 0.868531 27.692 1.01863 25.7381 0.646188 14.347 0.702506 17.6191
120 7.17 0.892724 27.6383 0.874208 28.3015 1.03477 26.4592 0.640135 14.7943 0.715911 18.1183
121 7.23 0.888785 28.2695 0.881358 28.9264 1.05224 27.2048 0.626573 15.2396 0.719141 18.6282
122 7.29 0.888536 28.911 0.89218 29.5695 1.06947 27.9753 0.618872 15.6867 0.736576 19.1591
123 7.35 0.890786 29.5648 0.90323 30.2313 1.08575 28.7704 0.606044 16.1317 0.74829 19.7074
124 7.41 0.89506 30.2325 0.916191 30.9136 1.1 29.5891 0.60138 16.5806 0.76453 20.2768
125 7.47 0.901816 30.9162 0.929331 31.6169 1.11391 30.4317 0.595167 17.0321 0.780092 20.8672
126 7.53 0.911688 31.6185 0.943422 32.3425 1.12507 31.2965 0.593024 17.4892 0.791295 21.4757
127 7.59 0.922748 32.3407 0.956855 33.0901 1.13566 32.1833 0.589097 17.9505 0.800851 22.1015
128 7.65 0.936631 33.0853 0.971043 33.8609 1.14176 33.0891 0.591824 18.4213 0.810559 22.7449
129 7.71 0.951738 33.854 0.984028 34.6543 1.14639 34.0129 0.591843 18.8996 0.817659 23.4041
130 7.77 0.967268 34.6474 0.996706 35.4704 1.14778 34.9522 0.596693 19.3893 0.82099 24.0763
131 7.83 0.983783 35.4668 1.00787 36.3085 1.14596 35.9046 0.601279 19.8904 0.82449 24.7619
132 7.89 1.00043 36.3129 1.01819 37.1682 1.14147 36.8679 0.606032 20.4033 0.83009 25.4628
133 7.95 1.01736 37.1865 1.02686 38.0485 1.13544 37.8406 0.615084 20.9317 0.831526 26.1755
134 8.01 1.03296 38.0869 1.03476 38.9489 1.12638 38.8203 0.625481 21.4772 0.833785 26.9011
135 8.07 1.04813 39.0143 1.0412 39.8687 1.11536 39.8049 0.633585 22.0381 0.835657 27.6392
136 8.13 1.06137 39.9675 1.04551 40.806 1.10253 40.7928 0.651789 22.6237 0.83849 28.3908
137 8.19 1.07354 40.9458 1.04967 41.7609 1.08932 41.7832 0.668181 23.233 0.842216 29.157
138 8.25 1.0824 41.9467 1.05233 42.7324 1.07489 42.775 0.681521 23.8635 0.846297 29.9382
139 8.31 1.08991 42.9693 1.05392 43.7195 1.05922 43.7665 0.700243 24.5208 0.849232 30.7336
140 8.37 1.09417 44.0108 1.05481 44.7218 1.04459 44.7585 0.713741 25.2005 0.857059 31.5479
141 8.43 1.09641 45.0694 1.05447 45.7382 1.02955 45.7502 0.729787 25.9055 0.861865 32.3786
142 8.49 1.09677 46.1434 1.05357 46.7682 1.01488 46.7419 0.750829 26.6412 0.866989 33.2261
143 8.55 1.09471 47.2307 1.05152 47.8108 1.00057 47.7334 0.765895 27.4023 0.872919 34.0916
144 8.61 1.09152 48.3301 1.0492 48.8658 0.987228 48.7254 0.782581 28.1909 0.879761 34.9761
145 8.67 1.08635 49.4395 1.04607 49.9323 0.974642 49.7185 0.798325 29.0067 0.889504 35.8829
146 8.73 1.07902 50.5568 1.04197 51.0094 0.963621 50.714 0.81262 29.8486 0.895364 36.8084
147 8.79 1.07122 51.6813 1.03766 52.0968 0.953388 51.7125 0.827351 30.7176 0.904038 37.7558
148 8.85 1.06222 52.8116 1.03324 53.1944 0.945496 52.7164 0.838794 31.6107 0.912926 38.7256
149 8.91 1.05378 53.9482 1.02781 54.3012 0.937206 53.7249 0.849756 32.5278 0.920371 39.7166
150 8.97 1.04355 55.0889 1.02274 55.4173 0.931445 54.7408 0.861506 33.4701 0.924389 40.7255
151 9.03 1.03402 56.2345 1.01703 56.5421 0.927288 55.7658 0.86949 34.4339 0.931608 41.7558
152 9.09 1.02521 57.3853 1.0111 57.6752 0.923128 56.7997 0.8742 35.4158 0.935814 42.8046
153 9.15 1.01562 58.5406 1.00554 58.8171 0.92204 57.8461 0.883689 36.4216 0.938216 43.87
154 9.21 1.00636 59.7003 1.00016 59.9677 0.920353 58.9044 0.888568 37.4462 0.939139 44.9506
155 9.27 0.99751 60.8649 0.995526 61.128 0.920942 59.9772 0.888701 38.4843 0.93896 46.045
156 9.33 0.989367 62.035 0.991003 62.2981 0.922006 61.0651 0.886141 39.5329 0.940472 47.1554
157 9.39 0.982011 63.2113 0.986227 63.4775 0.924859 62.1705 0.88773 40.5969 0.935963 48.2748
158 9.45 0.974732 64.3939 0.983081 64.6682 0.927622 63.2935 0.887865 41.6747 0.935854 49.4084
159 9.51 0.969056 65.5846 0.980436 65.8709 0.931918 64.436 0.880607 42.7573 0.936329 50.557
160 9.57 0.963741 66.7837 0.978138 67.0859 0.93729 65.5996 0.872624 43.8437 0.935574 51.7192
161 9.63 0.959158 67.9922 0.976582 68.3143 0.94256 66.7845 0.869025 44.9392 0.935832 52.8963
162 9.69 0.955651 69.2113 0.975732 69.5569 0.948607 67.9919 0.864378 46.0425 0.934048 54.0858
163 9.75 0.953754 70.443 0.976289 70.8156 0.955328 69.2229 0.85809 47.1513 0.937541 55.2947
164 9.81 0.951865 71.6876 0.977282 72.0912 0.962189 70.4782 0.851548 48.2652 0.93642 56.517
165 9.87 0.950389 72.9454 0.978714 73.3844 0.968857 71.7576 0.847102 49.387 0.937186 57.7553
166 9.93 0.950857 74.2192 0.980751 74.696 0.976165 73.0624 0.84178 50.5153 0.933634 59.0039
167 9.99 0.95164 75.5095 0.983403 76.0272 0.983534 74.393 0.837631 51.6516 0.927963 60.26
168 10.05 0.953489 76.8179 0.986774 77.379 0.991093 75.7499 0.840165 52.8052 0.925145 61.5273
169 10.11 0.955943 78.1453 0.989826 78.7512 0.998094 77.1328 0.83566 53.9663 0.921029 62.8041
170 10.17 0.959868 79.4941 0.993755 80.1452 1.00492 78.5418 0.831646 55.1355 0.912525 64.0842
171 10.23 0.963118 80.8634 0.997249 81.5608 1.01147 79.9767 0.833775 56.3217 0.910111 65.376
172 10.29 0.968506 82.2567 1.00053 82.9977 1.01734 81.4369 0.833762 57.5218 0.903182 66.6731
173 10.35 0.973494 83.6735 1.00418 84.4567 1.02345 82.9231 0.834681 58.7373 0.898409 67.9784
174 10.41 0.979749 85.1159 1.00743 85.9374 1.02817 84.4335 0.830691 59.961 0.897362 69.2973
175 10.47 0.985387 86.5835 1.01055 87.4399 1.03306 85.9686 0.833581 61.2032 0.894653 70.6275
176 10.53 0.991514 88.0771 1.01339 88.964 1.03678 87.527 0.834434 62.4609 0.894631 71.9729
177 10.59 0.996195 89.595 1.01553 90.5087 1.03977 89.1077 0.833514 63.7316 0.897099 73.3374
178 10.65 1.00279 91.1402 1.01674 92.0728 1.04164 90.7093 0.841385 65.0289 0.898856 74.7202
179 10.71 1.00839 92.7117 1.01862 93.6575 1.04319 92.3313 0.84263 66.3428 0.901965 76.1234
180 10.77 1.01302 94.3081 1.01909 95.2608 1.04412 93.9731 0.845788 67.6764 0.907877 77.5517
181 10.83 1.01774 95.9299 1.01908 96.882 1.04373 95.6325 0.847016 69.0268 0.912474 79.0032
182 10.89 1.02191 97.5764 1.01874 98.5206 1.04234 97.3082 0.852777 70.4015 0.917424 80.4789
183 10.95 1.02571 99.2473 1.01816 100.176 1.041 99.0002 0.858306 71.8005 0.923935 81.9814
184 11.01 1.02839 100.941 1.01763 101.85 1.03889 100.707 0.862311 73.2214 0.927422 83.5062
185 11.07 1.03061 102.657 1.01599 103.538 1.03668 102.429 0.871767 74.6736 0.932389 85.0559
186 11.13 1.0324 104.394 1.01435 105.243 1.03335 104.165 0.877319 76.151 0.936505 86.6294
187 11.19 1.03277 106.151 1.01271 106.962 1.0296 105.912 0.886489 77.6599 0.939682 88.2253
188 11.25 1.03297 107.928 1.01057 108.697 1.0265 107.673 0.891149 79.1931 0.94463 89.8469
189 11.31 1.03192 109.721 1.00816 110.446 1.02228 109.446 0.901877 80.7613 0.946238 91.4885
190 11.37 1.03097 111.532 1.00614 112.21 1.0184 111.231 0.908851 82.3585 0.948492 93.1516
191 11.43 1.02941 113.359 1.00392 113.989 1.0141 113.027 0.916206 83.9857 0.952737 94.8398
192 11.49 1.02698 115.201 1.00181 115.783 1.01056 114.835 0.92187 85.6401 0.954357 96.5488
193 11.55 1.02414 117.057 0.999921 117.592 1.00632 116.655 0.932784 87.3317 0.956974 98.2803
194 11.61 1.02121 118.927 0.997759 119.417 1.00303 118.488 0.937831 89.0502 0.957055 100.03
195 11.67 1.01775 120.81 0.995841 121.256 0.9996 120.333 0.942067 90.7943 0.958296 101.8
196 11.73 1.01498 122.708 0.994152 123.111 0.995809 122.19 0.948067 92.5677 0.960529 103.593
197 11.79 1.01128 124.618 0.992614 124.983 0.992525 124.06 0.951214 94.3651 0.959581 105.402
198 11.85 1.00755 126.54 0.991257 126.871 0.989838 125.945 0.955356 96.1888 0.963172 107.236
199 11.91 1.00445 128.476 0.990125 128.776 0.987773 127.844 0.956375 98.033 0.963709 109.09
200 11.97 1.00075 130.424 0.989384 130.698 0.985852 129.759 0.960076 99.903 0.969235 110.974
201 12.03 0.9975 132.385 0.988525 132.639 0.984341 131.69 0.961268 101.794 0.972056 112.882
202 12.09 0.994914 134.361 0.988246 134.598 0.983087 133.638 0.962594 103.707 0.975912 114.817
203 12.15 0.99183 136.35 0.988242 136.576 0.98208 135.603 0.965975 105.645 0.98236 116.784
204 12.21 0.989815 138.355 0.988003 138.574 0.981837 137.587 0.966337 107.604 0.984922 118.775
205 12.27 0.987404 140.374 0.988356 140.592 0.981392 139.59 0.967773 109.584 0.991321 120.8
206 12.33 0.985915 142.411 0.988831 142.631 0.981684 141.613 0.964965 111.578 0.999463 122.861
207 12.39 0.984447 144.464 0.989386 144.691 0.981716 143.656 0.969153 113.601 1.00435 124.952
208 12.45 0.983653 146.535 0.99065 146.774 0.982778 145.721 0.968516 115.641 1.01097 127.077
209 12.51 0.982863 148.625 0.991772 148.879 0.983441 147.807 0.969747 117.704 1.01651 129.235
210 12.57 0.982779 150.735 0.992818 151.007 0.9849 149.916 0.969276 119.786 1.02195 131.425
211 12.63 0.98267 152.864 0.994167 153.158 0.985941 152.048 0.968076 121.885 1.02555 133.644
212 12.69 0.983274 155.016 0.995234 155.332 0.98729 154.204 0.968336 124.005 1.02948 135.893
213 12.75 0.983964 157.189 0.996932 157.53 0.988587 156.382 0.966795 126.141 1.0343 138.173
214 12.81 0.98537 159.385 0.998653 159.752 0.990111 158.584 0.966222 128.296 1.03915 140.486
215 12.87 0.986574 161.606 0.999736 161.998 0.991242 160.81 0.968414 130.477 1.04084 142.824
216 12.93 0.988377 163.851 1.00139 164.269 0.993139 163.061 0.96719 132.675 1.04556 145.195
217 12.99 0.990064 166.12 1.00295 166.565 0.994732 165.336 0.970029 134.9 1.04593 147.588
218 13.05 0.992368 168.416 1.00442 168.885 0.996499 167.637 0.970777 137.147 1.04849 150.01
219 13.11 0.99425 170.738 1.00519 171.228 0.997687 169.961 0.970928 139.416 1.05116 152.461
220 13.17 0.996536 173.086 1.00662 173.596 0.999357 172.311 0.97404 141.712 1.04861 154.927
221 13.23 0.998913 175.462 1.00735 175.987 1.00003 174.683 0.974966 144.032 1.04635 157.411
222 13.29 1.00057 177.863 1.00809 178.402 1.00171 177.082 0.977042 146.378 1.04564 159.916
223 13.35 1.00284 180.291 1.00865 180.841 1.00244 179.504 0.982102 148.757 1.0415 162.434
224 13.41 1.0046 182.745 1.00884 183.301 1.00358 181.95 0.983168 151.161 1.03997 164.97
225 13.47 1.00654 185.227 1.00937 185.785 1.0043 184.42 0.986192 153.593 1.03839 167.526
226 13.53 1.00782 187.733 1.0091 188.291 1.00546 186.915 0.989279 156.055 1.03323 170.091
227 13.59 1.00926 190.265 1.00895 190.818 1.00597 189.434 0.994764 158.552 1.03043 172.672
228 13.65 1.01019 192.823 1.00839 193.366 1.00597 191.975 0.99798 161.08 1.02367 175.259
229 13.71 1.01129 195.405 1.00779 195.936 1.00627 194.538 1.00132 163.639 1.0231 177.868
230 13.77 1.01166 198.011 1.00679 198.525 1.00665 197.126 1.0059 166.231 1.01885 180.488
231 13.83 1.01205 200.641 1.00598 201.135 1.00667 199.736 1.00465 168.844 1.01804 183.129
232 13.89 1.01203 203.294 1.0053 203.765 1.00691 202.369 1.0083 171.488 1.01461 185.784
233 13.95 1.01243 205.971 1.0039 206.415 1.00677 205.025 1.00868 174.156 1.01125 188.453
234 14.01 1.0122 208.67 1.0026 209.084 1.0064 207.703 1.0107 176.853 1.00808 191.136
235 14.07 1.01168 211.391 1.0014 211.773 1.00613 210.403 1.00985 179.571 1.00711 193.841
236 14.13 1.01107 214.134 1.00011 214.481 1.00577 213.125 1.01011 182.312 1.00642 196.566
237 14.19 1.0099 216.896 0.999433 217.211 1.00541 215.869 1.00988 185.076 1.00605 199.313
238 14.25 1.00936 219.681 0.997862 219.959 1.00526 218.636 1.01245 187.871 1.00259 202.075
239 14.31 1.00811 222.486 0.996879 222.728 1.00479 221.426 1.01349 190.692 1.00382 204.863
240 14.37 1.00709 225.311 0.996293 225.518 1.00446 224.237 1.01343 193.537 1.00549 207.679
241 14.43 1.00586 228.157 0.994832 228.328 1.00389 227.071 1.01244 196.403 1.00488 210.517
242 14.49 1.00447 231.022 0.994432 231.159 1.00302 229.926 1.01588 199.302 1.00505 213.379
243 14.55 1.00309 233.907 0.99375 234.013 1.00267 232.803 1.01532 202.224 1.00885 216.276
244 14.61 1.00169 236.812 0.993065 236.888 1.00273 235.704 1.01399 205.166 1.01206 219.206
245 14.67 1.00057 239.737 0.992651 239.785 1.00202 238.628 1.01538 208.137 1.01459 222.167
246 14.73 0.999416 242.683 0.992652 242.706 1.0018 241.574 1.01767 211.138 1.01794 225.163
247 14.79 0.998326 245.65 0.992376 245.651 1.00175 244.544 1.01837 214.167 1.02169 228.194
248 14.85 0.99768 248.639 0.992225 248.618 1.00143 247.538 1.02056 217.226 1.02251 231.253
249 14.91 0.996808 251.65 0.992406 251.611 1.00118 250.555 1.02171 220.314 1.02461 234.342
250 14.97 0.995556 254.681 0.992915 254.629 1.00083 253.595 1.02442 223.434 1.02401 237.455
7000000 250
1 0.03 0 0 0 0 0 0 0 0 0 0
2 0.09 0 0 0 0 0 0 0 0 0 0
3 0.15 0 0 0 0 0 0 0 0 0 0
4 0.21 0 0 0 0 0 0 0 0 0 0
5 0.27 0 0 0 0 0 0 0 0 0 0
6 0.33 0 0 0 0 0 0 0 0 0 0
7 0.39 0 0 0 0 0 0 0 0 0 0
8 0.45 0 0 0 0 0 0 0 0 0 0
9 0.51 0 0 0 0 0 0 0 0 0 0
10 0.57 0 0 0 0 0 0 0 0 0 0
11 0.63 0 0 0 0 0 0 0 0 0 0
12 0.69 0 0 0 0 0 0 0 0 0 0
13 0.75 0 0 0 0 0 0 0 0 0 0
14 0.81 0 0 0 0 0 0 0 0 0 0
15 0.87 0 0 0 0 0 0 0 0 0 0
16 0.93 0 0 0 0 0 0 0 0 0 0
17 0.99 0 0 0 0 0 0 0 0 0 0
18 1.05 0 0 0 0 0 0 0 0 0 0
19 1.11 0 0 0 0 0 0 0 0 0 0
20 1.17 0 0 0 0 0 0 0 0 0 0
21 1.23 0 0 0 0 0 0 0 0 0 0
22 1.29 0 0 0 0 0 0 0 0 0 0
23 1.35 0 0 0 0 0 0 0 0 0 0
24 1.41 0 0 0 0 0 0 0 0 0 0
25 1.47 0 0 0 0 0 0 0 0 0 0
26 1.53 0 0 0 0 0 0 0 0 0 0
27 1.59 0 0 0 0 0 0 0 0 0 0
28 1.65 0 0 0 0 0 0 0 0 0 0
29 1.71 0 0 0 0 0 0 0 0 0 0
30 1.77 0 0 0 0 0 0 0 0 0 0
31 1.83 0 0 0 0 0 0 0 0 0 0
32 1.89 0 0 0 0 0 0 0 0 0 0
33 1.95 0 0 0 0 0 0 0 0 0 0
34 2.01 0 0 0 0 0 0 0 0 0 0
35 2.07 0 0 6.75057e-06 3.92377e-07 0 0 0 0 0 0
36 2.13 0 0 0.000103889 6.78251e-06 0 0 0 0 0 0
37 2.19 1.20653e-05 7.84753e-07 0.000713059 5.3139e-05 1.72939e-05 1.1236e-06 0 0 0 0
38 2.25 7.65923e-05 6.05381e-06 0.00372415 0.000308688 0.000101588 8.08989e-06 0 0 0 0
39 2.31 0.000379071 3.35202e-05 0.0152184 0.00140942 0.00069164 5.80899e-05 0 0 0 0
40 2.37 0.00146122 0.000144955 0.0503548 0.00524327 0.00286349 0.000275955 0 0 0 0
41 2.43 0.00512513 0.00055583 0.140193 0.0164642 0.0103545 0.00110427 0 0 0 0
42 2.49 0.0154594 0.00185729 0.333436 0.044486 0.0283744 0.00348764 0 0 0 0
43 2.55 0.0394135 0.00533711 0.696631 0.105886 0.0660325 0.00930472 0 0 0 0
44 2.61 0.0868173 0.013367 1.28106 0.224171 0.12914 0.0212227 0 0 0.000111867 1.03448e-05
45 2.67 0.175447 0.0303489 2.05405 0.422648 0.222257 0.0426884 0 0 0.000963193 0.000103448
46 2.73 0.31212 0.0619325 2.84332 0.709875 0.34148 0.077167 0 0 0.00430235 0.000537931
47 2.79 0.510829 0.11592 3.42448 1.07118 0.482128 0.12801 0 0 0.0164714 0.00227586
48 2.85 0.762131 0.199969 3.676 1.47589 0.62808 0.197122 9.35565e-05 1.03448e-05 0.0464452 0.00738966
49 2.91 1.05491 0.321255 3.61248 1.89052 0.771045 0.285575 0.000658949 8.62069e-05 0.119137 0.0210655
50 2.97 1.35945 0.484068 3.35601 2.29177 0.903641 0.393558 0.00143889 0.000258621 0.241168 0.0499
51 3.03 1.64414 0.68901 3.00025 2.66511 1.01636 0.519968 0.00516943 0.000903448 0.444207 0.105176
52 3.09 1.87691 0.932324 2.61315 3.0033 1.11379 0.664034 0.0138275 0.00269655 0.727668 0.199348
53 3.15 2.04268 1.20751 2.22592 3.30266 1.18498 0.823317 0.0293983 0.00665862 1.04799 0.340293
54 3.21 2.13183 1.50575 1.8757 3.56463 1.23459 0.99565 0.0621737 0.0153621 1.39841 0.5356
55 3.27 2.15016 1.8179 1.57256 3.79254 1.27101 1.17976 0.114212 0.0319517 1.59155 0.766262
56 3.33 2.10414 2.13469 1.32798 3.99214 1.28748 1.37316 0.180348 0.0591172 1.63196 1.01154
57 3.39 2.02094 2.45001 1.13922 4.16959 1.29062 1.57409 0.273727 0.101852 1.54132 1.25162
58 3.45 1.90426 2.75774 0.998044 4.3306 1.28189 1.78078 0.378671 0.163079 1.3893 1.47576
59 3.51 1.77407 3.05448 0.896431 4.4803 1.26131 1.99128 0.490254 0.245128 1.22425 1.68019
60 3.57 1.63277 3.33701 0.823231 4.62251 1.23426 2.20437 0.592645 0.347738 1.07117 1.86523
61 3.63 1.4947 3.60441 0.768051 4.75968 1.1991 2.41841 0.679714 0.469407 0.94602 2.0342
62 3.69 1.36076 3.85596 0.729355 4.89429 1.15988 2.63235 0.744501 0.607114 0.846007 2.19034
63 3.75 1.23643 4.09203 0.701805 5.02805 1.11935 2.84558 0.779874 0.756097 0.77074 2.33724
64 3.81 1.11958 4.31268 0.680076 5.16186 1.07963 3.05788 0.786254 0.911141 0.703662 2.4757
65 3.87 1.0178 4.51963 0.662463 5.29634 1.04357 3.2696 0.788577 1.07158 0.65305 2.60827
66 3.93 0.926609 4.71393 0.650667 5.43255 1.01037 3.48099 0.754019 1.22978 0.633785 2.74094
67 3.99 0.846563 4.89691 0.641649 5.571 0.983678 3.69313 0.723584 1.38627 0.607117 2.87195
68 4.05 0.775908 5.0697 0.634989 5.71217 0.963925 3.9073 0.674713 1.53661 0.601046 3.00558
69 4.11 0.718726 5.23453 0.631811 5.85683 0.949104 4.12448 0.623859 1.67976 0.592687 3.14128
70 4.17 0.670087 5.39273 0.62889 6.00505 0.94559 4.34722 0.582587 1.81738 0.596656 3.28191
71 4.23 0.631358 5.5461 0.631606 6.15823 0.946756 4.57669 0.533778 1.94712 0.602754 3.42809
72 4.29 0.599781 5.69597 0.634649 6.31654 0.958392 4.81562 0.495855 2.07109 0.614842 3.58146
73 4.35 0.576661 5.84412 0.641866 6.48116 0.978941 5.06655 0.452823 2.18749 0.620254 3.74053
74 4.41 0.561025 5.99225 0.651098 6.65279 1.00898 5.33237 0.416753 2.29759 0.627928 3.90605
75 4.47 0.550869 6.14169 0.664504 6.83275 1.05132 5.61692 0.384976 2.40208 0.62945 4.07651
76 4.53 0.54747 6.29422 0.68133 7.02225 1.10573 5.92429 0.359304 2.50224 0.615397 4.24768
77 4.59 0.55096 6.45181 0.700467 7.22228 1.1695 6.25806 0.339847 2.5995 0.599621 4.4189
78 4.65 0.560202 6.61627 0.723423 7.43429 1.24254 6.622 0.328006 2.69585 0.576125 4.58775
79 4.71 0.575993 6.78975 0.75105 7.66012 1.31624 7.01755 0.312466 2.79001 0.55614 4.75497
80 4.77 0.597875 6.97444 0.780763 7.9009 1.38211 7.44354 0.303152 2.88371 0.532709 4.91925
81 4.83 0.625819 7.17266 0.814585 8.15847 1.42825 7.89489 0.295894 2.97748 0.522643 5.08451
82 4.89 0.660318 7.38703 0.849346 8.43375 1.45025 8.36465 0.290073 3.0717 0.512231 5.25052
83 4.95 0.701422 7.62037 0.888285 8.72875 1.4405 8.84278 0.292311 3.169 0.510912 5.4202
84 5.01 0.748496 7.87544 0.927187 9.04418 1.40323 9.31989 0.297095 3.27029 0.513405 5.59486
85 5.07 0.801253 8.15507 0.968341 9.38155 1.34207 9.7872 0.296399 3.37379 0.522142 5.77677
86 5.13 0.859399 8.46214 1.01012 9.74186 1.26675 10.2388 0.306003 3.48318 0.529073 5.96548
87 5.19 0.91758 8.7977 1.05105 10.1256 1.18843 10.6724 0.317062 3.5992 0.539665 6.16251
88 5.25 0.978433 9.16384 1.09036 10.5329 1.11242 11.0878 0.326573 3.72148 0.553767 6.36938
89 5.31 1.03728 9.56093 1.12705 10.9637 1.0447 11.4868 0.342418 3.85263 0.559595 6.58323
90 5.37 1.08825 9.98699 1.16206 11.4178 0.985417 11.8717 0.361354 3.99419 0.574185 6.80764
91 5.43 1.13258 10.4404 1.19234 11.8943 0.937933 12.2463 0.379575 4.14622 0.584432 7.04121
92 5.49 1.16945 10.9189 1.21862 12.3922 0.900419 12.614 0.409275 4.3138 0.596854 7.28503
93 5.55 1.19611 11.4191 1.24045 12.9101 0.869476 12.9768 0.437445 4.49685 0.603414 7.53695
94 5.61 1.21689 11.9391 1.25591 13.4458 0.847445 13.338 0.47163 4.69849 0.612124 7.79807
95 5.67 1.22976 12.4759 1.26536 13.9972 0.830826 13.6999 0.509851 4.92117 0.62115 8.06873
96 5.73 1.23613 13.0269 1.26825 14.5615 0.8191 14.0642 0.543925 5.16377 0.62835 8.34836
97 5.79 1.23865 13.5907 1.26482 15.1363 0.813402 14.4336 0.576087 5.42613 0.639245 8.63882
98 5.85 1.23797 14.1659 1.25508 15.7184 0.810962 14.8095 0.617187 5.71306 0.652099 8.9413
99 5.91 1.23377 14.7509 1.24013 16.3055 0.811097 15.1933 0.648089 6.02057 0.66258 9.25497
100 5.97 1.22779 15.345 1.21914 16.8944 0.81396 15.5863 0.679505 6.34956 0.672496 9.57983
101 6.03 1.21904 15.9468 1.1949 17.4833 0.818617 15.9895 0.698934 6.6948 0.685437 9.91764
102 6.09 1.20839 16.5553 1.16725 18.0701 0.825221 16.4041 0.717713 7.05639 0.693597 10.2663
103 6.15 1.19536 17.1691 1.13739 18.6532 0.832028 16.8304 0.734105 7.43357 0.704542 10.6275
104 6.21 1.17831 17.786 1.10658 19.2316 0.83961 17.269 0.739762 7.82111 0.714553 11.001
105 6.27 1.16165 18.4061 1.07613 19.805 0.848885 17.7211 0.747401 8.22025 0.722075 11.3857
106 6.33 1.14128 19.0269 1.04614 20.3731 0.858032 18.1868 0.74928 8.62809 0.726632 11.7803
107 6.39 1.11908 19.6473 1.01751 20.9362 0.867067 18.6664 0.745761 9.04174 0.73229 12.1856
108 6.45 1.0966 20.2667 0.990335 21.4946 0.875019 19.1595 0.741861 9.46098 0.735764 12.6005
109 6.51 1.07383 20.8845 0.965354 22.0492 0.885527 19.6679 0.738977 9.88641 0.734527 13.0224
110 6.57 1.04998 21.4999 0.942587 22.6006 0.895271 20.1914 0.731588 10.3154 0.732856 13.4512
111 6.63 1.02793 22.1133 0.922218 23.1501 0.906879 20.7314 0.720602 10.7457 0.726137 13.8838
112 6.69 1.00517 22.7241 0.905702 23.6995 0.917867 21.2879 0.713859 11.1797 0.722723 14.3222
113 6.75 0.984509 23.3331 0.891635 24.2501 0.930296 21.8621 0.704114 11.6155 0.71517 14.7639
114 6.81 0.965057 23.9407 0.880568 24.8036 0.942276 22.454 0.695721 12.0537 0.706181 15.2078
115 6.87 0.947138 24.5476 0.872166 25.3615 0.956576 23.0656 0.684471 12.4926 0.702198 15.657
116 6.93 0.931318 25.1549 0.866998 25.9259 0.970633 23.697 0.675298 12.9331 0.698712 16.1118
117 6.99 0.917802 25.7637 0.865396 26.4989 0.985248 24.3491 0.663868 13.3737 0.696077 16.5727
118 7.05 0.906883 26.3756 0.865886 27.0823 1.00074 25.0229 0.65267 13.8144 0.699033 17.0436
119 7.11 0.898135 26.992 0.86913 27.6778 1.01743 25.7197 0.644825 14.2572 0.70277 17.5252
120 7.17 0.890985 27.6139 0.874764 28.2873 1.03523 26.4406 0.633967 14.6999 0.709852 18.0198
121 7.23 0.888622 28.2446 0.883442 28.9132 1.05118 27.1849 0.622903 15.1422 0.716841 18.5276
122 7.29 0.887825 28.8851 0.893238 29.5566 1.06834 27.954 0.61853 15.5888 0.730979 19.0542
123 7.35 0.889781 29.5377 0.904379 30.2188 1.0843 28.7475 0.61118 16.0373 0.748852 19.6025
124 7.41 0.893895 30.2041 0.91677 30.9011 1.09941 29.5653 0.605472 16.4889 0.762347 20.1698
125 7.47 0.901576 30.8871 0.930266 31.6046 1.11306 30.4066 0.599397 16.9432 0.783315 20.7623
126 7.53 0.910672 31.5882 0.944355 32.3304 1.12478 31.2705 0.599255 17.4048 0.793529 21.3721
127 7.59 0.922239 32.3095 0.958034 33.0784 1.1345 32.1559 0.595199 17.8706 0.805472 22.001
128 7.65 0.936058 33.0532 0.971333 33.8489 1.14216 33.0613 0.598862 18.3467 0.815031 22.6475
129 7.71 0.95145 33.8211 0.984796 34.6423 1.14585 33.984 0.600613 18.8317 0.821994 23.3098
130 7.77 0.96619 34.613 0.996719 35.4579 1.14675 34.9218 0.601059 19.3246 0.827001 23.9865
131 7.83 0.983727 35.4319 1.00814 36.2957 1.1457 35.8733 0.609081 19.8319 0.831066 24.6771
132 7.89 1.00001 36.2771 1.0184 37.155 1.14219 36.8365 0.615872 20.3527 0.8346 25.3813
133 7.95 1.01804 37.1506 1.02715 38.0349 1.13524 37.8084 0.623031 20.8876 0.831484 26.0936
134 8.01 1.03331 38.0507 1.03453 38.9345 1.12571 38.7868 0.635936 21.4419 0.834076 26.8189
135 8.07 1.04751 38.9769 1.04064 39.8531 1.11438 39.7699 0.648582 22.0157 0.831371 27.5527
136 8.13 1.06229 39.9302 1.0455 40.7897 1.10203 40.7566 0.660885 22.6091 0.832446 28.2985
137 8.19 1.07278 40.9071 1.0493 41.7437 1.08866 41.7458 0.672194 23.2216 0.831635 29.0546
138 8.25 1.08272 41.9076 1.05226 42.7144 1.07453 42.7365 0.6861 23.8559 0.829842 29.8201
139 8.31 1.08952 42.9291 1.0535 43.7004 1.05986 43.7279 0.701712 24.5142 0.831698 30.5986
140 8.37 1.09495 43.9706 1.05504 44.7022 1.04465 44.7193 0.716443 25.196 0.835239 31.3916
141 8.43 1.09763 45.0296 1.0542 45.7176 1.02965 45.7105 0.731306 25.902 0.840019 32.2007
142 8.49 1.09668 46.1028 1.05357 46.7469 1.01472 46.7013 0.748563 26.6349 0.847639 33.0289
143 8.55 1.09535 47.1899 1.05148 47.7887 1.00061 47.6921 0.764253 27.3939 0.853471 33.8745
144 8.61 1.09153 48.2885 1.04883 48.8426 0.987177 48.6834 0.777335 28.1767 0.858506 34.7371
145 8.67 1.0858 49.3966 1.04592 49.9082 0.974988 49.6762 0.796218 28.9897 0.867618 35.621
146 8.73 1.07952 50.5136 1.0414 50.9839 0.964092 50.6715 0.808846 29.8271 0.877292 36.5273
147 8.79 1.07198 51.6381 1.03719 52.0701 0.954342 51.6704 0.821733 30.6896 0.893414 37.4629
148 8.85 1.06313 52.7686 1.03215 53.1658 0.945184 52.6732 0.833351 31.5762 0.904652 38.4232
149 8.91 1.0539 53.9045 1.02706 54.2709 0.938467 53.6824 0.842738 32.4851 0.91788 39.4109
150 8.97 1.04471 55.0457 1.02168 55.3851 0.932453 54.6987 0.854356 33.4189 0.92652 40.4213
151 9.03 1.03445 56.1909 1.01619 56.5082 0.927829 55.7236 0.863979 34.3759 0.937208 41.4571
152 9.09 1.02579 57.3416 1.0103 57.6397 0.924129 56.758 0.871636 35.3542 0.945635 42.5161
153 9.15 1.01686 58.4975 1.00511 58.7802 0.922773 57.8045 0.873905 36.3481 0.94876 43.5927
154 9.21 1.00699 59.6571 1.00006 59.93 0.922295 58.8642 0.878621 37.3605 0.955893 44.6917
155 9.27 0.998043 60.8215 0.995049 61.0889 0.92172 59.9372 0.878348 38.3859 0.950156 45.7984
156 9.33 0.990026 61.9916 0.989992 62.2569 0.923034 61.0256 0.879016 39.4253 0.950806 46.9202
157 9.39 0.98309 63.1684 0.986072 63.4354 0.926135 62.1318 0.879531 40.4787 0.948292 48.0534
158 9.45 0.975664 64.3513 0.982497 64.6246 0.929407 63.2561 0.878355 41.5443 0.945727 49.1981
159 9.51 0.968999 65.5411 0.979925 65.8258 0.932965 64.3991 0.873456 42.6174 0.94208 50.3529
160 9.57 0.964188 66.74 0.977603 67.0393 0.938042 65.5628 0.870195 43.7 0.94458 51.5254
161 9.63 0.95937 67.9479 0.976838 68.2671 0.942896 66.7473 0.866 44.7909 0.946243 52.7148
162 9.69 0.956258 69.1669 0.975828 69.509 0.949737 67.9553 0.859979 45.8879 0.949182 53.9228
163 9.75 0.953315 70.3973 0.975997 70.7665 0.956759 69.1874 0.852593 46.9889 0.95015 55.147
164 9.81 0.951949 71.6411 0.977131 72.041 0.963117 70.443 0.847229 48.0964 0.949994 56.3861
165 9.87 0.951085 72.899 0.978642 73.3332 0.969906 71.7229 0.841848 49.2105 0.9484 57.6384
166 9.93 0.951371 74.1726 0.980636 74.6438 0.977438 73.0285 0.839218 50.3346 0.947229 58.9043
167 9.99 0.952562 75.4633 0.982867 75.9733 0.984425 74.3593 0.835602 51.4674 0.940159 60.176
168 10.05 0.954787 76.7725 0.986011 77.3231 0.991743 75.7162 0.829103 52.605 0.93606 61.4575
169 10.11 0.957102 78.1007 0.989548 78.694 0.999015 77.0994 0.828819 53.7558 0.926226 62.7406
170 10.17 0.960747 79.4498 0.993001 80.086 1.00517 78.5077 0.831447 54.9239 0.919162 64.0292
171 10.23 0.965038 80.821 0.996676 81.4997 1.01135 79.9415 0.83143 56.1059 0.91323 65.3245
172 10.29 0.96943 82.2146 1.00037 82.9354 1.01765 81.4011 0.833277 57.3045 0.903765 66.6215
173 10.35 0.974538 83.6319 1.00394 84.393 1.02346 82.8863 0.835055 58.5196 0.901228 67.93
174 10.41 0.980115 85.0739 1.00719 85.8724 1.02822 84.3957 0.840323 59.7567 0.89588 69.2459
175 10.47 0.985891 86.5412 1.01028 87.3734 1.03239 85.9287 0.839709 61.0071 0.891654 70.5707
176 10.53 0.991242 88.0334 1.01283 88.8956 1.03569 87.4843 0.843497 62.2776 0.889211 71.907
177 10.59 0.997597 89.5523 1.01498 90.4384 1.03945 89.0635 0.846187 63.5667 0.887967 73.2567
178 10.65 1.00331 91.0973 1.01685 92.0016 1.04096 90.6628 0.847017 64.8718 0.890214 74.6252
179 10.71 1.00809 92.6672 1.01793 93.5841 1.04252 92.2827 0.84892 66.1945 0.892055 76.0121
180 10.77 1.01376 94.2637 1.01854 95.1854 1.04308 93.9216 0.855402 67.5424 0.893481 77.4168
181 10.83 1.01822 95.8851 1.01944 96.806 1.04296 95.5787 0.862607 68.9167 0.898388 78.8449
182 10.89 1.02226 97.531 1.01865 98.4434 1.0422 97.253 0.865441 70.311 0.900913 80.293
183 10.95 1.02543 99.2003 1.01834 100.098 1.04093 98.9437 0.869753 71.7276 0.907043 81.7671
184 11.01 1.0286 100.893 1.01708 101.769 1.03882 100.649 0.871422 73.1626 0.909765 83.2618
185 11.07 1.03076 102.608 1.01632 103.457 1.03593 102.369 0.878202 74.6245 0.915241 84.782
186 11.13 1.03221 104.344 1.01437 105.161 1.03345 104.103 0.884422 76.1128 0.920972 86.3283
187 11.19 1.03192 106.098 1.01269 106.879 1.02936 105.849 0.892676 77.6312 0.920179 87.89
188 11.25 1.03244 107.872 1.01114 108.614 1.0258 107.608 0.895938 79.1716 0.927334 89.4808
189 11.31 1.03175 109.664 1.00895 110.363 1.02145 109.378 0.906704 80.7471 0.925574 91.0855
190 11.37 1.03028 111.472 1.00638 112.126 1.01774 111.16 0.912032 82.3487 0.930475 92.7158
191 11.43 1.02832 113.296 1.00475 113.906 1.01399 112.955 0.918618 83.979 0.935767 94.3728
192 11.49 1.02621 115.136 1.0027 115.7 1.0096 114.76 0.923268 85.6348 0.936755 96.049
193 11.55 1.02386 116.99 1.00055 117.509 1.00522 116.577 0.929341 87.3189 0.942722 97.7536
194 11.61 1.02048 118.858 0.998789 119.334 1.00187 118.406 0.937762 89.036 0.945988 99.4819
195 11.67 1.01729 120.739 0.996796 121.174 0.998585 120.248 0.940031 90.7751 0.947593 101.231
196 11.73 1.01371 122.632 0.994799 123.029 0.995577 122.104 0.945714 92.5427 0.954583 103.011
197 11.79 1.01033 124.539 0.993453 124.9 0.992084 123.972 0.951621 94.3396 0.957649 104.815
198 11.85 1.00651 126.458 0.991628 126.788 0.989944 125.855 0.952797 96.1571 0.960163 106.643
199 11.91 1.00322 128.39 0.991088 128.693 0.987274 127.752 0.955255 97.9978 0.966137 108.5
200 11.97 0.99957 130.334 0.989696 130.615 0.985544 129.665 0.957546 99.8615 0.971961 110.388
201 12.03 0.996419 132.292 0.989137 132.555 0.984611 131.595 0.961878 101.752 0.973235 112.297
202 12.09 0.993625 134.264 0.988583 134.514 0.982682 133.541 0.960612 103.66 0.977047 114.233
203 12.15 0.991055 136.25 0.988544 136.492 0.982359 135.505 0.965576 105.596 0.983994 116.201
204 12.21 0.988766 138.251 0.988556 138.489 0.981645 137.488 0.966341 107.553 0.990004 118.202
205 12.27 0.986798 140.268 0.988615 140.507 0.981698 139.49 0.964684 109.526 0.997319 120.237
206 12.33 0.985384 142.302 0.988989 142.545 0.981409 141.511 0.965669 111.52 1.00392 122.306
207 12.39 0.983843 144.353 0.989718 144.604 0.982324 143.554 0.965692 113.534 1.00979 124.407
208 12.45 0.98306 146.421 0.990419 146.685 0.982737 145.617 0.964129 115.564 1.01627 126.542
209 12.51 0.982442 148.509 0.99198 148.789 0.983927 147.703 0.965085 117.616 1.02259 128.711
210 12.57 0.982301 150.616 0.992947 150.915 0.984867 149.811 0.961857 119.68 1.02647 130.909
211 12.63 0.982664 152.744 0.994355 153.065 0.986645 151.943 0.96361 121.768 1.03252 133.141
212 12.69 0.983552 154.895 0.99531 155.237 0.98743 154.097 0.964486 123.878 1.04026 135.412
213 12.75 0.984366 157.067 0.997239 157.435 0.988797 156.274 0.962972 126.005 1.04502 137.714
214 12.81 0.985598 159.263 0.998946 159.656 0.990737 158.477 0.963362 128.152 1.04728 140.044
215 12.87 0.986776 161.482 1.00018 161.902 0.992268 160.703 0.963167 130.319 1.05092 142.403
216 12.93 0.988728 163.726 1.00178 164.172 0.993407 162.953 0.967347 132.516 1.05348 144.79
217 12.99 0.990573 165.996 1.0032 166.466 0.99467 165.226 0.964243 134.727 1.05525 147.204
218 13.05 0.993047 168.292 1.00436 168.785 0.996472 167.525 0.967942 136.966 1.05621 149.642
219 13.11 0.994543 170.612 1.00552 171.127 0.998173 169.849 0.969398 139.229 1.05509 152.099
220 13.17 0.996815 172.96 1.00647 173.493 0.999321 172.197 0.970702 141.516 1.05603 154.582
221 13.23 0.998868 175.333 1.00733 175.883 1.00119 174.571 0.972264 143.828 1.05361 157.082
222 13.29 1.00075 177.733 1.00823 178.296 1.00206 176.968 0.975019 146.167 1.05263 159.601
223 13.35 1.00293 180.16 1.00864 180.733 1.00304 179.39 0.979771 148.539 1.05036 162.139
224 13.41 1.00502 182.614 1.00938 183.193 1.00392 181.836 0.982856 150.94 1.04856 164.694
225 13.47 1.00671 185.093 1.00902 185.674 1.00472 184.305 0.98564 153.37 1.04442 167.263
226 13.53 1.00787 187.598 1.00868 188.177 1.00546 186.798 0.989209 155.83 1.0432 169.851
227 13.59 1.00934 190.129 1.00844 190.701 1.00571 189.314 0.991333 158.317 1.03464 172.441
228 13.65 1.01055 192.685 1.00821 193.248 1.0061 191.854 0.996345 160.839 1.03329 175.05
229 13.71 1.01168 195.267 1.00747 195.814 1.00697 194.418 1.00008 163.392 1.02828 177.67
230 13.77 1.01195 197.872 1.00666 198.401 1.00647 197.003 1.00227 165.974 1.02279 180.299
231 13.83 1.01233 200.501 1.0059 201.009 1.0064 199.61 1.00179 168.577 1.01622 182.933
232 13.89 1.01254 203.153 1.00469 203.636 1.00646 202.241 1.00633 171.214 1.01517 185.588
233 13.95 1.01255 205.829 1.00386 206.284 1.00681 204.895 1.00745 173.877 1.00866 188.248
234 14.01 1.01193 208.525 1.00226 208.95 1.00639 207.571 1.00622 176.56 1.00434 190.92
235 14.07 1.01185 211.245 1.00112 211.636 1.00607 210.269 1.00771 179.27 0.99966 193.602
236 14.13 1.01085 213.985 0.999875 214.342 1.0053 212.987 1.00863 182.006 0.999706 196.308
237 14.19 1.00982 216.745 0.998893 217.068 1.00519 215.729 1.00723 184.761 0.994936 199.023
238 14.25 1.00923 219.528 0.997874 219.815 1.00453 218.492 1.00704 187.539 0.993675 201.758
239 14.31 1.0081 222.33 0.996547 222.581 1.00468 221.279 1.00626 190.338 0.99211 204.511
240 14.37 1.00647 225.152 0.995863 225.368 1.00387 224.087 1.00601 193.16 0.993414 207.292
241 14.43 1.00557 227.995 0.994868 228.176 1.00314 226.917 1.00689 196.008 0.993952 210.097
242 14.49 1.0044 230.858 0.994333 231.005 1.00279 229.769 1.00935 198.887 0.996802 212.933
243 14.55 1.00267 233.74 0.993533 233.856 1.00241 232.644 1.01098 201.794 1.00085 215.805
244 14.61 1.0018 236.643 0.993081 236.729 1.00232 235.542 1.01264 204.73 1.00433 218.711
245 14.67 1.00065 239.567 0.992739 239.625 1.00136 238.461 1.01284 207.691 1.00778 221.65
246 14.73 0.999303 242.51 0.992512 242.544 1.00127 241.404 1.01534 210.684 1.01124 224.624
247 14.79 0.998504 245.476 0.992314 245.486 1.00098 244.37 1.01854 213.71 1.01691 227.639
248 14.85 0.997315 248.462 0.992213 248.451 1.00097 247.36 1.02111 216.769 1.01709 230.679
249 14.91 0.996388 251.469 0.992338 251.441 1.00049 250.373 1.02327 219.859 1.02124 233.756
250 14.97 0.995694 254.498 0.99299 254.457 1.00034 253.41 1.0264 222.984 1.02407 236.867
