# Time-averaged data for fix rdf
# TimeStep Number-of-rows
# Row c_2[1] c_2[2] c_2[3] c_2[4] c_2[5] c_2[6] c_2[7] c_2[8] c_2[9] c_2[10] c_2[11]
8000000 250
1 0.03 0 0 0 0 0 0 0 0 0 0
2 0.09 0 0 0 0 0 0 0 0 0 0
3 0.15 0 0 0 0 0 0 0 0 0 0
4 0.21 0 0 0 0 0 0 0 0 0 0
5 0.27 0 0 0 0 0 0 0 0 0 0
6 0.33 0 0 0 0 0 0 0 0 0 0
7 0.39 0 0 0 0 0 0 0 0 0 0
8 0.45 0 0 0 0 0 0 0 0 0 0
9 0.51 0 0 0 0 0 0 0 0 0 0
10 0.57 0 0 0 0 0 0 0 0 0 0
11 0.63 0 0 0 0 0 0 0 0 0 0
12 0.69 0 0 0 0 0 0 0 0 0 0
13 0.75 0 0 0 0 0 0 0 0 0 0
14 0.81 0 0 0 0 0 0 0 0 0 0
15 0.87 0 0 0 0 0 0 0 0 0 0
16 0.93 0 0 0 0 0 0 0 0 0 0
17 0.99 0 0 0 0 0 0 0 0 0 0
18 1.05 0 0 0 0 0 0 0 0 0 0
19 1.11 0 0 0 0 0 0 0 0 0 0
20 1.17 0 0 0 0 0 0 0 0 0 0
21 1.23 0 0 0 0 0 0 0 0 0 0
22 1.29 0 0 0 0 0 0 0 0 0 0
23 1.35 0 0 0 0 0 0 0 0 0 0
24 1.41 0 0 0 0 0 0 0 0 0 0
25 1.47 0 0 0 0 0 0 0 0 0 0
26 1.53 0 0 0 0 0 0 0 0 0 0
27 1.59 0 0 0 0 0 0 0 0 0 0
28 1.65 0 0 0 0 0 0 0 0 0 0
29 1.71 0 0 0 0 0 0 0 0 0 0
30 1.77 0 0 0 0 0 0 0 0 0 0
31 1.83 0 0 0 0 0 0 0 0 0 0
32 1.89 0 0 0 0 0 0 0 0 0 0
33 1.95 0 0 0 0 0 0 0 0 0 0
34 2.01 0 0 0 0 0 0 0 0 0 0
35 2.07 0 0 1.0629e-05 6.16592e-07 0 0 0 0 0 0
36 2.13 1.81342e-06 1.12108e-07 0.000108399 7.287e-06 0 0 0 0 0 0
37 2.19 6.88676e-06 5.60538e-07 0.000698942 5.27466e-05 1.55467e-05 1.01124e-06 0 0 0 0
38 2.25 6.84258e-05 5.26906e-06 0.00372352 0.000308352 0.000108036 8.42697e-06 0 0 0 0
39 2.31 0.000344844 3.02691e-05 0.0155413 0.00143285 0.000588932 5.10112e-05 0 0 0 0
40 2.37 0.00147248 0.000142601 0.0505765 0.00528475 0.00292261 0.000273483 0 0 0 0
41 2.43 0.00515934 0.00055639 0.140149 0.0165057 0.0101216 0.00108337 0 0 0 0
42 2.49 0.0155709 0.0018676 0.334145 0.0445962 0.028574 0.00348438 0 0 0 0
43 2.55 0.0392314 0.00533229 0.697073 0.106054 0.0657168 0.00927551 0 0 0 0
44 2.61 0.0871585 0.0133963 1.27968 0.224249 0.129151 0.0211984 0 0 0.000112076 1.03448e-05
45 2.67 0.172747 0.0301217 2.05212 0.422602 0.222645 0.0427082 0 0 0.000855999 9.31034e-05
46 2.73 0.311297 0.0616321 2.84338 0.709927 0.342983 0.077349 0 0 0.00436692 0.000534483
47 2.79 0.507201 0.115253 3.42583 1.07149 0.481423 0.128132 0 0 0.0145051 0.00206552
48 2.85 0.759128 0.198996 3.6713 1.47581 0.62797 0.197254 6.24778e-05 6.89655e-06 0.0456208 0.00708966
49 2.91 1.05108 0.319879 3.61401 1.89075 0.772047 0.285851 0.000598853 7.58621e-05 0.113645 0.0201379
50 2.97 1.35197 0.481846 3.35344 2.29181 0.904166 0.393931 0.00143778 0.000248276 0.241633 0.0490379
51 3.03 1.63462 0.685666 2.99989 2.66524 1.01891 0.520697 0.00535805 0.000917241 0.446481 0.104617
52 3.09 1.87115 0.92831 2.60974 3.00309 1.11222 0.664605 0.0134724 0.00266552 0.729222 0.199017
53 3.15 2.03529 1.20259 2.22702 3.30269 1.18453 0.823878 0.0316341 0.00693103 1.05285 0.340659
54 3.21 2.12725 1.50028 1.87405 3.56451 1.23461 0.996269 0.0638576 0.0158724 1.38271 0.533831
55 3.27 2.14352 1.81157 1.57008 3.79214 1.26753 1.17993 0.116067 0.0327379 1.59126 0.764531
56 3.33 2.10243 2.1282 1.32747 3.99172 1.28673 1.37328 0.189032 0.0612207 1.63513 1.01036
57 3.39 2.01723 2.44304 1.13973 4.16931 1.29031 1.57422 0.274776 0.104134 1.5453 1.25114
58 3.45 1.90291 2.75065 1.00043 4.33076 1.28097 1.78083 0.385831 0.166541 1.38721 1.47501
59 3.51 1.77282 3.04728 0.89907 4.48094 1.2614 1.99142 0.499361 0.250141 1.21112 1.67731
60 3.57 1.63439 3.33018 0.82478 4.62347 1.23468 2.20465 0.606893 0.355245 1.06683 1.86166
61 3.63 1.49739 3.59815 0.771702 4.76134 1.1994 2.41881 0.690926 0.478959 0.937996 2.02924
62 3.69 1.36479 3.85052 0.732341 4.89653 1.16114 2.63305 0.749722 0.617679 0.842778 2.18482
63 3.75 1.23861 4.08708 0.702704 5.03052 1.12087 2.84664 0.779149 0.766572 0.763765 2.33045
64 3.81 1.12437 4.30874 0.682093 5.16476 1.08145 3.05936 0.792004 0.922797 0.703895 2.46899
65 3.87 1.02116 4.51645 0.66462 5.29972 1.04531 3.2715 0.775778 1.08068 0.663764 2.60378
66 3.93 0.928858 4.71129 0.652536 5.43636 1.01238 3.48338 0.751051 1.23831 0.629906 2.73569
67 3.99 0.848995 4.89485 0.642553 5.57506 0.984921 3.69585 0.702433 1.39027 0.615316 2.86851
68 4.05 0.778563 5.06828 0.636213 5.71655 0.964931 3.91032 0.651406 1.53546 0.603722 3.00277
69 4.11 0.719667 5.23338 0.632534 5.86141 0.951103 4.12803 0.603219 1.67391 0.599028 3.13997
70 4.17 0.670247 5.39167 0.630992 6.01018 0.94527 4.35076 0.560504 1.80636 0.601953 3.28189
71 4.23 0.631122 5.54503 0.631823 6.16346 0.947606 4.58051 0.515108 1.9316 0.608489 3.42951
72 4.29 0.600862 5.69522 0.636187 6.3222 0.958182 4.81947 0.472262 2.0497 0.622483 3.58484
73 4.35 0.576309 5.84332 0.642886 6.48714 0.978913 5.07047 0.431073 2.16054 0.635863 3.74798
74 4.41 0.561106 5.99152 0.652203 6.65911 1.00851 5.33624 0.398862 2.26594 0.640778 3.91693
75 4.47 0.551603 6.14121 0.665098 6.83929 1.05228 5.62115 0.373227 2.36728 0.644117 4.09143
76 4.53 0.548137 6.29397 0.681272 7.02884 1.10525 5.92849 0.348514 2.46446 0.633648 4.26772
77 4.59 0.551079 6.45165 0.70043 7.22891 1.16944 6.26234 0.329121 2.55869 0.61705 4.44398
78 4.65 0.560947 6.61637 0.724085 7.44119 1.24252 6.6264 0.311384 2.65018 0.594215 4.61818
79 4.71 0.576497 6.79006 0.749752 7.6667 1.31501 7.0217 0.301949 2.7412 0.570627 4.7898
80 4.77 0.598244 6.97493 0.779687 7.90722 1.3806 7.44736 0.291843 2.83144 0.550832 4.95972
81 4.83 0.626499 7.17342 0.813797 8.16462 1.42548 7.89798 0.289034 2.92307 0.536601 5.12945
82 4.89 0.661325 7.38819 0.848833 8.43982 1.44793 8.36714 0.284972 3.01567 0.526131 5.30002
83 4.95 0.70174 7.62171 0.886766 8.73441 1.43735 8.84437 0.285179 3.11062 0.524008 5.4741
84 5.01 0.749641 7.87725 0.926505 9.04972 1.39921 9.32026 0.287031 3.20852 0.516907 5.65002
85 5.07 0.802372 8.15736 0.967543 9.38692 1.34017 9.78706 0.294558 3.31141 0.517309 5.83031
86 5.13 0.859741 8.46464 1.00815 9.74663 1.26513 10.2382 0.304283 3.42023 0.523043 6.01692
87 5.19 0.91964 8.80107 1.04902 10.1297 1.18714 10.6715 0.312286 3.53454 0.529702 6.21037
88 5.25 0.980318 9.16803 1.08816 10.5364 1.11093 11.0864 0.329767 3.65807 0.533415 6.4097
89 5.31 1.03826 9.56562 1.1254 10.9666 1.04446 11.4855 0.345143 3.79031 0.545076 6.61807
90 5.37 1.0896 9.99235 1.15917 11.4198 0.986585 11.871 0.370376 3.93545 0.54857 6.83254
91 5.43 1.13453 10.4467 1.19012 11.8956 0.939534 12.2464 0.390101 4.09175 0.564735 7.0583
92 5.49 1.17068 10.9259 1.21748 12.3931 0.900542 12.6142 0.420265 4.26388 0.578083 7.29452
93 5.55 1.19905 11.4275 1.23816 12.9102 0.871277 12.9778 0.448823 4.45175 0.586931 7.53963
94 5.61 1.21891 11.9485 1.25366 13.4451 0.846751 13.3389 0.483761 4.65863 0.601722 7.79638
95 5.67 1.23077 12.4858 1.26367 13.9959 0.831239 13.701 0.517048 4.88451 0.614616 8.06428
96 5.73 1.23763 13.0377 1.26636 14.5597 0.819839 14.0658 0.55756 5.13327 0.630866 8.3451
97 5.79 1.23998 13.6023 1.26296 15.1337 0.813378 14.4353 0.591712 5.40283 0.645107 8.63831
98 5.85 1.23832 14.1778 1.25434 15.7157 0.810567 14.8112 0.631383 5.69644 0.65892 8.94404
99 5.91 1.23524 14.7638 1.23886 16.3024 0.811508 15.1953 0.662209 6.01074 0.672268 9.2624
100 5.97 1.22859 15.3584 1.21812 16.891 0.814667 15.5887 0.692372 6.34606 0.685871 9.59383
101 6.03 1.22 15.9609 1.19405 17.4797 0.818449 15.992 0.715889 6.69977 0.697105 9.93749
102 6.09 1.20958 16.5702 1.16658 18.0663 0.825686 16.4069 0.735313 7.07035 0.707727 10.2934
103 6.15 1.196 17.1845 1.13779 18.6497 0.831709 16.8332 0.741214 7.4513 0.717403 10.6612
104 6.21 1.17938 17.8022 1.1074 19.2288 0.841484 17.2729 0.744803 7.84161 0.723331 11.0394
105 6.27 1.16102 18.4221 1.07694 19.8028 0.849569 17.7255 0.751525 8.24308 0.732524 11.4299
106 6.33 1.14034 19.0426 1.04673 20.3714 0.857918 18.1913 0.748877 8.65082 0.740904 11.8324
107 6.39 1.118 19.6626 1.01728 20.9346 0.867696 18.6714 0.747234 9.06542 0.745679 12.2452
108 6.45 1.0966 20.2822 0.990248 21.4931 0.876715 19.1657 0.743272 9.4856 0.74418 12.665
109 6.51 1.07332 20.8999 0.965688 22.048 0.887352 19.6753 0.736598 9.90978 0.74317 13.092
110 6.57 1.0507 21.5159 0.94352 22.6002 0.896761 20.1998 0.727248 10.3363 0.735472 13.5224
111 6.63 1.02788 22.1295 0.923515 23.1506 0.908463 20.7409 0.723075 10.7682 0.728227 13.9564
112 6.69 1.00586 22.7409 0.906821 23.7008 0.919303 21.2984 0.71569 11.2035 0.721618 14.3943
113 6.75 0.984457 23.35 0.892287 24.252 0.930355 21.8728 0.707907 11.6418 0.715201 14.8361
114 6.81 0.964692 23.9576 0.881686 24.8064 0.943609 22.4658 0.698802 12.0821 0.709147 15.282
115 6.87 0.947692 24.5651 0.87302 25.3651 0.95699 23.0779 0.687732 12.5232 0.703455 15.7322
116 6.93 0.932179 25.1731 0.86815 25.9303 0.970738 23.7096 0.67614 12.9644 0.701317 16.1888
117 6.99 0.917575 25.7819 0.865817 26.5039 0.986044 24.3624 0.660753 13.4031 0.696987 16.6505
118 7.05 0.906925 26.3941 0.866676 27.0879 1.00199 25.0373 0.655311 13.8457 0.695292 17.1191
119 7.11 0.897263 27.0101 0.870068 27.6843 1.01822 25.7348 0.640366 14.2855 0.706469 17.6033
120 7.17 0.892246 27.6331 0.875623 28.2946 1.03535 26.456 0.629555 14.7253 0.712428 18.0999
121 7.23 0.888488 28.2638 0.883173 28.9205 1.05123 27.2006 0.625151 15.1694 0.722097 18.6116
122 7.29 0.887267 28.9042 0.892614 29.5637 1.06825 27.9699 0.614633 15.6132 0.736011 19.142
123 7.35 0.888853 29.5563 0.904193 30.2259 1.08427 28.7636 0.610588 16.0614 0.747797 19.6897
124 7.41 0.893729 30.2228 0.916682 30.9084 1.09878 29.5811 0.600569 16.5095 0.762677 20.2575
125 7.47 0.901231 30.9058 0.930023 31.612 1.11275 30.4225 0.598636 16.9634 0.777768 20.8459
126 7.53 0.909932 31.6065 0.943792 32.3375 1.1244 31.2864 0.589681 17.4178 0.788534 21.4521
127 7.59 0.921218 32.3272 0.958068 33.0858 1.1334 32.1712 0.592371 17.8815 0.800237 22.0771
128 7.65 0.935384 33.0706 0.97129 33.8565 1.14032 33.0755 0.590887 18.3514 0.811072 22.7207
129 7.71 0.949393 33.8371 0.984688 34.6501 1.14414 33.9971 0.595564 18.8324 0.816585 23.3788
130 7.77 0.965238 34.6285 0.996484 35.4658 1.14608 34.9346 0.599024 19.3239 0.820864 24.0507
131 7.83 0.982039 35.4462 1.00764 36.3034 1.14419 35.8852 0.604538 19.8275 0.827163 24.7383
132 7.89 0.999393 36.2911 1.01794 37.1625 1.14024 36.847 0.611691 20.3449 0.828643 25.4377
133 7.95 1.01575 37.163 1.02749 38.043 1.13425 37.8184 0.623258 20.8802 0.835182 26.1533
134 8.01 1.0318 38.0621 1.03386 38.9423 1.12519 38.7967 0.635289 21.4341 0.834424 26.8792
135 8.07 1.04703 38.9881 1.04074 39.8613 1.11443 39.7801 0.645918 22.0057 0.836675 27.6179
136 8.13 1.06035 39.9399 1.0457 40.7984 1.10225 40.7673 0.658832 22.5974 0.834272 28.3656
137 8.19 1.07236 40.9168 1.0496 41.7529 1.08834 41.7565 0.674455 23.2122 0.837518 29.1272
138 8.25 1.08174 41.9167 1.05214 42.7239 1.07404 42.7471 0.693659 23.8537 0.840316 29.9026
139 8.31 1.08946 42.9385 1.05392 43.7106 1.05901 43.7381 0.710168 24.5201 0.843249 30.6921
140 8.37 1.0934 43.9788 1.05459 44.7123 1.04416 44.7293 0.727642 25.2129 0.848717 31.4982
141 8.43 1.09613 45.0367 1.05478 45.7286 1.02814 45.7193 0.744648 25.932 0.849233 32.3165
142 8.49 1.0967 46.1103 1.05278 46.7575 1.01411 46.7098 0.762625 26.6789 0.855403 33.1524
143 8.55 1.09515 47.1975 1.05141 47.7995 1.00003 47.7004 0.780952 27.4547 0.860562 34.0053
144 8.61 1.0914 48.2963 1.04844 48.8533 0.987436 48.6923 0.796612 28.2572 0.867524 34.8772
145 8.67 1.08614 49.4051 1.04547 49.9188 0.974891 49.6853 0.814071 29.0887 0.873802 35.7677
146 8.73 1.0793 50.5223 1.04193 50.9954 0.964515 50.6814 0.828978 29.9473 0.885458 36.6826
147 8.79 1.0714 51.6465 1.03725 52.082 0.95461 51.6808 0.841427 30.8307 0.891116 37.6161
148 8.85 1.06258 52.7768 1.03217 53.1781 0.94589 52.6847 0.851765 31.7373 0.904412 38.5765
149 8.91 1.05331 53.9124 1.02716 54.2837 0.938369 53.6942 0.863722 32.669 0.912771 39.559
150 8.97 1.04395 55.0532 1.02195 55.3985 0.932737 54.7111 0.870481 33.6208 0.925208 40.5683
151 9.03 1.03466 56.1989 1.01639 56.5222 0.927906 55.7364 0.877711 34.5933 0.933239 41.6
152 9.09 1.02559 57.3498 1.01097 57.6547 0.924472 56.7714 0.878605 35.5798 0.939453 42.6525
153 9.15 1.01582 58.5048 1.00562 58.7962 0.922294 57.8178 0.88088 36.582 0.9412 43.7208
154 9.21 1.00637 59.6642 1.00021 59.9465 0.921445 58.8769 0.885123 37.6022 0.944181 44.8067
155 9.27 0.997468 60.8283 0.995248 61.1061 0.921628 59.9501 0.883979 38.6345 0.946633 45.9096
156 9.33 0.989784 61.9984 0.990625 62.2752 0.922921 61.0387 0.886175 39.6827 0.946839 47.0271
157 9.39 0.983021 63.1755 0.987042 63.4552 0.925705 62.1447 0.881176 40.7384 0.948379 48.1608
158 9.45 0.975897 64.3591 0.98317 64.6455 0.92908 63.269 0.878121 41.804 0.948444 49.3091
159 9.51 0.969443 65.5498 0.980713 65.8481 0.934014 64.4136 0.874305 42.8785 0.947082 50.4704
160 9.57 0.964314 66.7492 0.978574 67.0632 0.938923 65.5788 0.870454 43.9617 0.947734 51.6472
161 9.63 0.959691 67.9579 0.976853 68.2914 0.944113 66.7652 0.864041 45.0505 0.949802 52.8415
162 9.69 0.95642 69.1775 0.976246 69.5342 0.949486 67.9733 0.856573 46.1434 0.94765 54.0479
163 9.75 0.953218 70.4082 0.976367 70.7926 0.956213 69.205 0.853854 47.2464 0.947533 55.2691
164 9.81 0.951811 71.6522 0.976981 72.0674 0.962629 70.4604 0.849144 48.3568 0.942889 56.4994
165 9.87 0.950929 72.9103 0.978466 73.3597 0.970402 71.7413 0.841946 49.4713 0.939841 57.7407
166 9.93 0.950742 74.1834 0.980701 74.6708 0.97688 73.0466 0.836651 50.5923 0.939762 58.997
167 9.99 0.951732 75.4734 0.98319 76.0012 0.983967 74.3772 0.836246 51.7263 0.935783 60.2632
168 10.05 0.953375 76.7812 0.986326 77.3518 0.991344 75.734 0.835441 52.8729 0.926577 61.5321
169 10.11 0.956238 78.1085 0.989649 78.7233 0.998098 77.1164 0.833099 54.03 0.923545 62.8119
170 10.17 0.959268 79.456 0.99348 80.1164 1.00532 78.5254 0.830108 55.1967 0.913599 64.0931
171 10.23 0.963841 80.8259 0.996438 81.5303 1.01084 79.9588 0.834321 56.3831 0.90923 65.3832
172 10.29 0.968397 82.2184 1.0002 82.9661 1.01727 81.4184 0.830354 57.5778 0.900942 66.6765
173 10.35 0.974001 83.6354 1.00383 84.4241 1.02289 82.9032 0.834405 58.7924 0.894049 67.975
174 10.41 0.979282 85.0767 1.00705 85.9037 1.0283 84.4132 0.834344 60.021 0.89331 69.2876
175 10.47 0.984512 86.5424 1.0101 87.405 1.03258 85.947 0.837415 61.2684 0.888804 70.6085
176 10.53 0.990766 88.0344 1.01244 88.927 1.03655 87.5044 0.839442 62.5332 0.890729 71.9476
177 10.59 0.997106 89.553 1.01481 90.47 1.03898 89.0833 0.83981 63.813 0.890118 73.301
178 10.65 1.00262 91.0974 1.01659 92.0333 1.0411 90.6834 0.83956 65.107 0.893261 74.6747
179 10.71 1.00742 92.6668 1.01769 93.616 1.04239 92.3036 0.843477 66.4217 0.897358 76.0702
180 10.77 1.01315 94.2628 1.01876 95.2181 1.04296 93.9429 0.845745 67.7547 0.899159 77.4843
181 10.83 1.01781 95.8841 1.01872 96.8381 1.04238 95.5996 0.848575 69.1071 0.903427 78.9209
182 10.89 1.02164 97.5295 1.01879 98.4762 1.04219 97.2743 0.855136 70.4852 0.909627 80.3835
183 10.95 1.02571 99.1998 1.0185 100.132 1.04086 98.9655 0.859031 71.8848 0.914749 81.8705
184 11.01 1.02871 100.893 1.01714 101.804 1.03903 100.672 0.860748 73.3026 0.923315 83.388
185 11.07 1.03112 102.609 1.01591 103.492 1.03603 102.393 0.868085 74.7481 0.928387 84.9305
186 11.13 1.03182 104.345 1.01433 105.195 1.03301 104.127 0.876284 76.2232 0.933305 86.498
187 11.19 1.03301 106.102 1.01289 106.915 1.0298 105.874 0.882947 77.7255 0.939949 88.0937
188 11.25 1.03289 107.877 1.01084 108.649 1.02574 107.633 0.888616 79.2537 0.945893 89.7169
189 11.31 1.03243 109.671 1.00877 110.399 1.02192 109.404 0.897855 80.8144 0.947213 91.3596
190 11.37 1.03101 111.481 1.00661 112.163 1.01777 111.187 0.906091 82.4061 0.94942 93.0237
191 11.43 1.02886 113.307 1.00437 113.942 1.01336 112.981 0.915759 84.0318 0.953338 94.7123
192 11.49 1.02708 115.148 1.00258 115.737 1.00964 114.787 0.922981 85.6876 0.953162 96.4184
193 11.55 1.02455 117.004 1.00017 117.546 1.00563 116.605 0.928486 87.3707 0.959844 98.1545
194 11.61 1.02159 118.874 0.998299 119.37 1.00254 118.436 0.937275 89.0875 0.96099 99.9107
195 11.67 1.01851 120.758 0.996182 121.209 0.99874 120.279 0.942727 90.8322 0.964748 101.692
196 11.73 1.01445 122.654 0.994797 123.065 0.995488 122.135 0.950873 92.61 0.968658 103.499
197 11.79 1.01144 124.563 0.992927 124.937 0.99302 124.006 0.954441 94.4128 0.96576 105.319
198 11.85 1.00787 126.485 0.991874 126.825 0.990242 125.89 0.958708 96.2422 0.967906 107.162
199 11.91 1.00463 128.421 0.990758 128.73 0.987503 127.788 0.962177 98.0968 0.96787 109.023
200 11.97 1.00103 130.369 0.989899 130.653 0.985719 129.702 0.968186 99.9819 0.972454 110.912
201 12.03 0.998066 132.33 0.989236 132.594 0.984034 131.632 0.969292 101.888 0.976755 112.829
202 12.09 0.994868 134.305 0.988436 134.553 0.983398 133.579 0.970844 103.816 0.981421 114.774
203 12.15 0.991865 136.294 0.988252 136.531 0.982073 135.544 0.971907 105.766 0.98252 116.74
204 12.21 0.989783 138.298 0.988328 138.529 0.981387 137.526 0.970375 107.732 0.989374 118.74
205 12.27 0.987355 140.316 0.98824 140.546 0.9812 139.528 0.96987 109.716 0.996683 120.775
206 12.33 0.986387 142.353 0.988662 142.584 0.981713 141.55 0.97003 111.72 1.00127 122.838
207 12.39 0.984504 144.406 0.989625 144.644 0.981922 143.593 0.96947 113.742 1.00591 124.932
208 12.45 0.983601 146.476 0.99036 146.725 0.982798 145.657 0.967821 115.781 1.01381 127.063
209 12.51 0.983558 148.567 0.99143 148.829 0.983556 147.743 0.965838 117.834 1.0167 129.22
210 12.57 0.983084 150.676 0.99241 150.955 0.984442 149.851 0.964416 119.905 1.02607 131.418
211 12.63 0.983317 152.806 0.993666 153.104 0.986237 151.983 0.964874 121.997 1.02954 133.644
212 12.69 0.983846 154.958 0.995173 155.276 0.9873 154.137 0.963504 124.105 1.03551 135.905
213 12.75 0.984641 157.132 0.996624 157.473 0.98897 156.315 0.961994 126.23 1.04064 138.199
214 12.81 0.985871 159.329 0.998224 159.694 0.990377 158.518 0.961816 128.375 1.04428 140.522
215 12.87 0.987349 161.55 0.9999 161.939 0.992093 160.744 0.961311 130.538 1.04784 142.875
216 12.93 0.988717 163.795 1.00122 164.209 0.994083 162.996 0.961105 132.722 1.04832 145.252
217 12.99 0.990802 166.065 1.0024 166.502 0.995371 165.272 0.962889 134.929 1.05017 147.654
218 13.05 0.992809 168.362 1.00382 168.82 0.996474 167.572 0.96023 137.152 1.04993 150.078
219 13.11 0.994143 170.682 1.00467 171.161 0.998223 169.897 0.966944 139.41 1.04806 152.521
220 13.17 0.996846 173.03 1.00583 173.526 0.999682 172.246 0.96938 141.695 1.04856 154.986
221 13.23 0.998729 175.404 1.00702 175.916 1.00086 174.62 0.971459 144.005 1.04843 157.474
222 13.29 1.00078 177.805 1.00742 178.329 1.00214 177.018 0.97523 146.346 1.04519 159.977
223 13.35 1.00258 180.232 1.00809 180.764 1.00299 179.441 0.978102 148.714 1.04209 162.495
224 13.41 1.00417 182.684 1.0085 183.223 1.00411 181.887 0.981495 151.113 1.03865 165.028
225 13.47 1.00654 185.164 1.00838 185.704 1.00486 184.358 0.985899 153.544 1.03612 167.577
226 13.53 1.00773 187.67 1.00836 188.207 1.00594 186.853 0.989981 156.006 1.03237 170.139
227 13.59 1.00868 190.2 1.00778 190.73 1.00593 189.371 0.993068 158.498 1.0278 172.713
228 13.65 1.00987 192.755 1.00772 193.276 1.00636 191.911 0.999634 161.029 1.02299 175.297
229 13.71 1.01089 195.336 1.00723 195.843 1.00637 194.475 1.00428 163.594 1.01934 177.895
230 13.77 1.01155 197.941 1.00649 198.43 1.0066 197.061 1.00627 166.187 1.01759 180.511
231 13.83 1.01156 200.568 1.00573 201.038 1.0073 199.672 1.00857 168.808 1.01278 183.137
232 13.89 1.01245 203.221 1.00505 203.667 1.00668 202.303 1.01181 171.461 1.0115 185.783
233 13.95 1.01249 205.897 1.00356 206.315 1.00646 204.957 1.01222 174.138 1.00687 188.439
234 14.01 1.01226 208.595 1.00306 208.984 1.00651 207.634 1.01691 176.85 1.0041 191.111
235 14.07 1.01146 211.315 1.00162 211.673 1.00583 210.333 1.01659 179.585 1.0013 193.799
236 14.13 1.01066 214.055 1.00085 214.382 1.00568 213.053 1.01857 182.348 1.00131 196.509
237 14.19 1.01012 216.817 0.999829 217.112 1.00498 215.795 1.01812 185.134 1.00078 199.242
238 14.25 1.00892 219.6 0.998406 219.86 1.00471 218.56 1.01809 187.943 1.00095 201.997
239 14.31 1.00827 222.404 0.997344 222.629 1.00432 221.347 1.01785 190.775 1.00037 204.775
240 14.37 1.00683 225.227 0.996593 225.419 1.00342 224.154 1.01735 193.63 1.00304 207.583
241 14.43 1.00553 228.071 0.995501 228.23 1.00325 226.985 1.0173 196.508 1.00203 210.412
242 14.49 1.00439 230.935 0.995132 231.063 1.00265 229.838 1.01726 199.411 1.00552 213.274
243 14.55 1.0032 233.819 0.994475 233.917 1.0024 232.713 1.01625 202.334 1.00549 216.16
244 14.61 1.00182 236.723 0.993834 236.793 1.00159 235.61 1.01736 205.285 1.01148 219.087
245 14.67 1.00062 239.648 0.993499 239.692 1.00172 238.531 1.01903 208.265 1.01356 222.045
246 14.73 0.998994 242.591 0.993099 242.613 1.00121 241.475 1.02007 211.273 1.01687 225.036
247 14.79 0.998224 245.557 0.992998 245.558 1.00114 244.443 1.01986 214.304 1.01929 228.059
248 14.85 0.996887 248.542 0.992862 248.527 1.00097 247.434 1.02068 217.363 1.02075 231.111
249 14.91 0.996205 251.55 0.992824 251.519 1.00059 250.448 1.02235 220.451 1.02243 234.192
250 14.97 0.995569 254.58 0.993148 254.537 1.00021 253.485 1.02538 223.573 1.02657 237.312
