# Chunk-averaged data for fix T_line_40 and group file
# Timestep Number-of-chunks Total-count
# Chunk Coord1 Ncount v_TEMP
500000 41 8400
  1 -2.29108 186.313 913.16
  2 4.94667 233.692 924.656
  3 12.1844 196.032 936.7
  4 19.4222 223.969 949.166
  5 26.6599 203.413 960.417
  6 33.8977 216.589 965.831
  7 41.1354 208.844 971.237
  8 48.3732 211.156 977.643
  9 55.6109 212.003 985.181
  10 62.8486 207.996 990.327
  11 70.0864 213.2 997.852
  12 77.3241 206.803 1006.69
  13 84.5619 212.005 1014.92
  14 91.7996 207.994 1018.54
  15 99.0374 208.536 1026.08
  16 106.275 211.464 1035.49
  17 113.513 202.797 1045.18
  18 120.751 217.196 1050.94
  19 127.988 194.716 1064.04
  20 135.226 225.272 1081.01
  21 142.464 184.319 1088.42
  22 149.702 235.65 1080.85
  23 156.939 177.803 1061.09
  24 164.177 242.144 1052.82
  25 171.415 174.754 1043.31
  26 178.653 245.181 1036.88
  27 185.89 173.232 1031.9
  28 193.128 246.695 1024.7
  29 200.366 172.408 1012.45
  30 207.604 247.588 1005.96
  31 214.841 172.234 1000.33
  32 222.079 247.795 992.019
  33 229.317 172.234 984.931
  34 236.555 247.84 978.48
  35 243.792 172.942 969.218
  36 251.03 247.134 959.443
  37 258.268 174.594 956.342
  38 265.506 245.453 945.558
  39 272.743 178.318 938.853
  40 279.981 241.692 926.383
  41 287.219 0 0
1000000 41 8400
  1 -2.29108 184.996 905.003
  2 4.94667 235.009 910.73
  3 12.1844 196.454 920.835
  4 19.4222 223.548 931.422
  5 26.6599 206.294 943.79
  6 33.8977 213.708 949.728
  7 41.1354 213.537 960.4
  8 48.3732 206.463 966.815
  9 55.6109 218.705 976.629
  10 62.8486 201.295 984.633
  11 70.0864 220.874 992.93
  12 77.3241 199.126 998.733
  13 84.5619 219.85 1011.55
  14 91.7996 200.152 1021.29
  15 99.0374 215.99 1032.59
  16 106.275 204.009 1042.65
  17 113.513 208.6 1054.82
  18 120.751 211.396 1068.9
  19 127.988 197.697 1081.67
  20 135.226 222.288 1097.82
  21 142.464 185.346 1105.69
  22 149.702 234.595 1095.24
  23 156.939 177.478 1078.08
  24 164.177 242.371 1073.13
  25 171.415 173.698 1063.36
  26 178.653 246.183 1049.02
  27 185.89 171.84 1034.93
  28 193.128 248.056 1026.14
  29 200.366 171.026 1018.38
  30 207.604 249.003 1007.71
  31 214.841 170.711 999.048
  32 222.079 249.414 985.729
  33 229.317 170.767 979.902
  34 236.555 249.344 974.256
  35 243.792 171.518 965.503
  36 251.03 248.58 959.351
  37 258.268 173.103 950.195
  38 265.506 246.952 941.019
  39 272.743 176.744 927.398
  40 279.981 243.282 916.629
  41 287.219 0 0
1500000 41 8400
  1 -2.29108 187.038 914.695
  2 4.94667 232.963 923.535
  3 12.1844 196.746 931.31
  4 19.4222 223.254 941.877
  5 26.6599 205.121 952.902
  6 33.8977 214.882 959.893
  7 41.1354 210.98 969.372
  8 48.3732 209.02 977.073
  9 55.6109 214.321 981.854
  10 62.8486 205.68 993.887
  11 70.0864 215.096 998.657
  12 77.3241 204.903 1003.06
  13 84.5619 214.042 1015.29
  14 91.7996 205.958 1021.58
  15 99.0374 210.73 1027.17
  16 106.275 209.269 1039.42
  17 113.513 204.686 1044.96
  18 120.751 215.314 1052.49
  19 127.988 196.16 1067.88
  20 135.226 223.826 1083.23
  21 142.464 185.122 1095.22
  22 149.702 234.843 1084.29
  23 156.939 177.565 1070.65
  24 164.177 242.381 1065.35
  25 171.415 173.686 1055.83
  26 178.653 246.224 1051.49
  27 185.89 171.75 1040.97
  28 193.128 248.159 1024.76
  29 200.366 171.08 1016.98
  30 207.604 248.88 1010.01
  31 214.841 171.016 993.251
  32 222.079 249.062 986.804
  33 229.317 171.432 976.364
  34 236.555 248.653 969.96
  35 243.792 172.557 966.855
  36 251.03 247.526 959.175
  37 258.268 174.606 948.571
  38 265.506 245.448 938.986
  39 272.743 179.003 928.993
  40 279.981 241.018 924.24
  41 287.219 0 0
2000000 41 8400
  1 -2.29108 185.864 913.886
  2 4.94667 234.141 919.024
  3 12.1844 195.897 931.894
  4 19.4222 224.103 937.759
  5 26.6599 204.982 943.951
  6 33.8977 215.02 954.937
  7 41.1354 211.666 963.501
  8 48.3732 208.335 973.572
  9 55.6109 215.229 981.672
  10 62.8486 204.772 988.494
  11 70.0864 216.368 998.027
  12 77.3241 203.633 1005.49
  13 84.5619 215.441 1012.2
  14 91.7996 204.557 1016.87
  15 99.0374 212.5 1025.36
  16 106.275 207.5 1040.74
  17 113.513 205.649 1051.06
  18 120.751 214.348 1061.04
  19 127.988 196.618 1070.69
  20 135.226 223.371 1081.15
  21 142.464 185.902 1088.54
  22 149.702 234.051 1083.61
  23 156.939 178.37 1074.67
  24 164.177 241.539 1062.83
  25 171.415 174.622 1053.93
  26 178.653 245.291 1045.68
  27 185.89 172.657 1038.85
  28 193.128 247.254 1028.39
  29 200.366 171.757 1019.44
  30 207.604 248.238 1010.17
  31 214.841 171.506 1001.99
  32 222.079 248.532 995.215
  33 229.317 171.664 984.712
  34 236.555 248.454 974.793
  35 243.792 172.313 966.694
  36 251.03 247.779 956.474
  37 258.268 174.094 950.974
  38 265.506 245.96 942.867
  39 272.743 177.9 931.792
  40 279.981 242.125 922.11
  41 287.219 0 0
2500000 41 8400
  1 -2.29108 187.877 904.291
  2 4.94667 232.127 912.368
  3 12.1844 199.714 921.445
  4 19.4222 220.286 931.624
  5 26.6599 209.843 945.378
  6 33.8977 210.158 953.189
  7 41.1354 216.451 963.837
  8 48.3732 203.55 969.25
  9 55.6109 220.071 980.998
  10 62.8486 199.928 993.626
  11 70.0864 220.58 1001.93
  12 77.3241 199.421 1011.34
  13 84.5619 218.365 1025.17
  14 91.7996 201.634 1030.49
  15 99.0374 213.01 1041.15
  16 106.275 206.99 1052.56
  17 113.513 205.323 1058.51
  18 120.751 214.674 1067.13
  19 127.988 194.962 1080.03
  20 135.226 225.015 1092.66
  21 142.464 183.562 1102.7
  22 149.702 236.375 1095.47
  23 156.939 176.186 1080.09
  24 164.177 243.679 1070.44
  25 171.415 172.726 1058.65
  26 178.653 247.12 1045.44
  27 185.89 171.324 1032.31
  28 193.128 248.598 1023.88
  29 200.366 170.853 1017.09
  30 207.604 249.133 1005.56
  31 214.841 170.715 995.056
  32 222.079 249.408 985.582
  33 229.317 170.862 973.843
  34 236.555 249.286 964.949
  35 243.792 171.828 957.813
  36 251.03 248.289 950.341
  37 258.268 173.935 941.997
  38 265.506 246.124 931.707
  39 272.743 178.643 921.289
  40 279.981 241.376 914.704
  41 287.219 0 0
3000000 41 8400
  1 -2.29108 188.777 912.378
  2 4.94667 231.232 916.601
  3 12.1844 198.92 929.783
  4 19.4222 221.082 936.627
  5 26.6599 207.567 946.584
  6 33.8977 212.434 957.756
  7 41.1354 213.894 965.931
  8 48.3732 206.105 976.018
  9 55.6109 217.144 985.917
  10 62.8486 202.858 992.379
  11 70.0864 217.28 1004.6
  12 77.3241 202.722 1008.66
  13 84.5619 215.173 1019.12
  14 91.7996 204.825 1028.63
  15 99.0374 210.684 1036.3
  16 106.275 209.316 1043.95
  17 113.513 203.855 1052.6
  18 120.751 216.138 1062.1
  19 127.988 194.71 1077.2
  20 135.226 225.262 1086.02
  21 142.464 184.36 1098.16
  22 149.702 235.574 1088.72
  23 156.939 177.139 1072.08
  24 164.177 242.771 1053.59
  25 171.415 173.828 1044.8
  26 178.653 246.095 1036.36
  27 185.89 172.271 1027.17
  28 193.128 247.701 1019.01
  29 200.366 171.452 1011.37
  30 207.604 248.51 1007.54
  31 214.841 171.302 1002.25
  32 222.079 248.755 993.238
  33 229.317 171.576 984.995
  34 236.555 248.483 976.274
  35 243.792 172.763 963.987
  36 251.03 247.336 952.006
  37 258.268 175.362 943.284
  38 265.506 244.708 934.578
  39 272.743 180.34 929.032
  40 279.981 239.695 922.756
  41 287.219 0 0
3500000 41 8400
  1 -2.29108 186.726 905.986
  2 4.94667 233.279 917.171
  3 12.1844 198.015 925.183
  4 19.4222 221.986 934.257
  5 26.6599 207.667 943.63
  6 33.8977 212.334 954.695
  7 41.1354 214.528 962.339
  8 48.3732 205.471 970.713
  9 55.6109 218.607 979.829
  10 62.8486 201.396 991.527
  11 70.0864 219.392 1000.83
  12 77.3241 200.607 1007.63
  13 84.5619 217.629 1018.73
  14 91.7996 202.37 1024.07
  15 99.0374 213.501 1035.95
  16 106.275 206.5 1049.64
  17 113.513 205.301 1059.78
  18 120.751 214.692 1069.53
  19 127.988 194.688 1078.41
  20 135.226 225.287 1091.98
  21 142.464 183.397 1100.64
  22 149.702 236.549 1088.41
  23 156.939 176.443 1071.23
  24 164.177 243.455 1065.33
  25 171.415 173.204 1052.07
  26 178.653 246.655 1045.18
  27 185.89 171.841 1030.16
  28 193.128 248.089 1020.74
  29 200.366 171.288 1012.83
  30 207.604 248.705 1004.97
  31 214.841 171.204 998.609
  32 222.079 248.894 990.62
  33 229.317 171.332 983.637
  34 236.555 248.78 975.598
  35 243.792 172.15 963.092
  36 251.03 247.963 954.928
  37 258.268 174.076 943.29
  38 265.506 245.983 937.235
  39 272.743 178.038 925.922
  40 279.981 241.979 916.76
  41 287.219 0 0
4000000 41 8400
  1 -2.29108 185.891 911.315
  2 4.94667 234.114 919.546
  3 12.1844 195.724 928.498
  4 19.4222 224.277 933.093
  5 26.6599 205.041 945.634
  6 33.8977 214.96 952.652
  7 41.1354 211.527 965.028
  8 48.3732 208.474 970.143
  9 55.6109 215.553 978.507
  10 62.8486 204.447 985.979
  11 70.0864 217.322 993.336
  12 77.3241 202.681 1001.91
  13 84.5619 216.626 1007.83
  14 91.7996 203.37 1018.93
  15 99.0374 213.548 1028.88
  16 106.275 206.452 1043.39
  17 113.513 206.166 1053.93
  18 120.751 213.831 1064.69
  19 127.988 196.244 1074.44
  20 135.226 223.736 1085.49
  21 142.464 185.119 1095.36
  22 149.702 234.832 1080.98
  23 156.939 178.152 1068.47
  24 164.177 241.77 1061.53
  25 171.415 174.344 1053.71
  26 178.653 245.556 1046.1
  27 185.89 172.545 1034.45
  28 193.128 247.346 1023.84
  29 200.366 171.744 1018.5
  30 207.604 248.229 1008.97
  31 214.841 171.479 1002.79
  32 222.079 248.619 993.997
  33 229.317 171.485 986.196
  34 236.555 248.612 975.312
  35 243.792 172.268 969.675
  36 251.03 247.829 959.249
  37 258.268 174.076 951.878
  38 265.506 245.979 943.754
  39 272.743 177.913 935.609
  40 279.981 242.119 923.615
  41 287.219 0 0
4500000 41 8400
  1 -2.29108 187.865 916.35
  2 4.94667 232.139 924.731
  3 12.1844 197.838 932.025
  4 19.4222 222.164 939.63
  5 26.6599 206.227 951.98
  6 33.8977 213.774 957.092
  7 41.1354 212.274 968.6
  8 48.3732 207.725 975.167
  9 55.6109 215.259 985.569
  10 62.8486 204.742 991.434
  11 70.0864 215.822 998.712
  12 77.3241 204.178 1008.17
  13 84.5619 214.372 1016.12
  14 91.7996 205.628 1025.17
  15 99.0374 210.241 1030.45
  16 106.275 209.76 1041.03
  17 113.513 203.309 1052.26
  18 120.751 216.685 1063.43
  19 127.988 193.678 1074.5
  20 135.226 226.304 1085.3
  21 142.464 183.46 1089.05
  22 149.702 236.492 1084.26
  23 156.939 176.663 1071.58
  24 164.177 243.24 1062.24
  25 171.415 173.284 1054.3
  26 178.653 246.624 1042.11
  27 185.89 171.812 1030.32
  28 193.128 248.149 1023.35
  29 200.366 171.178 1011.08
  30 207.604 248.854 1000.5
  31 214.841 171.277 988.783
  32 222.079 248.787 982.451
  33 229.317 171.787 977.143
  34 236.555 248.294 974.237
  35 243.792 172.708 972.462
  36 251.03 247.356 957.625
  37 258.268 174.761 949.054
  38 265.506 245.282 940.508
  39 272.743 179.489 932.474
  40 279.981 240.52 924.219
  41 287.219 0 0
5000000 41 8400
  1 -2.29108 185.805 909.296
  2 4.94667 234.2 913.853
  3 12.1844 197.421 921.939
  4 19.4222 222.579 931.598
  5 26.6599 207.408 939.675
  6 33.8977 212.592 951.707
  7 41.1354 214.644 957.967
  8 48.3732 205.357 971.171
  9 55.6109 218.581 979.718
  10 62.8486 201.422 988.446
  11 70.0864 219.506 998.135
  12 77.3241 200.493 1007.43
  13 84.5619 218.2 1014.95
  14 91.7996 201.799 1020.49
  15 99.0374 214.222 1033.34
  16 106.275 205.775 1047.6
  17 113.513 206.446 1059.47
  18 120.751 213.55 1066.2
  19 127.988 196.127 1075.36
  20 135.226 223.858 1091.53
  21 142.464 184.345 1103.48
  22 149.702 235.606 1089.09
  23 156.939 176.793 1079.52
  24 164.177 243.092 1068.29
  25 171.415 173.308 1059.07
  26 178.653 246.534 1050.68
  27 185.89 171.87 1035.8
  28 193.128 247.945 1026.25
  29 200.366 171.381 1018.92
  30 207.604 248.629 1008.52
  31 214.841 171.161 997.601
  32 222.079 248.951 990.466
  33 229.317 171.319 981.304
  34 236.555 248.855 972.624
  35 243.792 171.985 961.617
  36 251.03 248.16 951.507
  37 258.268 173.765 942.005
  38 265.506 246.294 936.368
  39 272.743 177.634 929.989
  40 279.981 242.388 916.75
  41 287.219 0 0
5500000 41 8400
  1 -2.29108 188.793 903.53
  2 4.94667 231.213 914.242
  3 12.1844 200.087 927.087
  4 19.4222 219.914 934.848
  5 26.6599 209.688 945.7
  6 33.8977 210.312 954.886
  7 41.1354 216.162 965.672
  8 48.3732 203.84 970.895
  9 55.6109 219.752 984.061
  10 62.8486 200.249 991.796
  11 70.0864 220.254 1003.13
  12 77.3241 199.744 1011.53
  13 84.5619 218.31 1018.72
  14 91.7996 201.692 1030.26
  15 99.0374 213.316 1039.03
  16 106.275 206.68 1050.57
  17 113.513 205 1058.84
  18 120.751 214.997 1070.23
  19 127.988 194.539 1077.99
  20 135.226 225.434 1088.2
  21 142.464 184.026 1100.24
  22 149.702 235.9 1089.79
  23 156.939 176.695 1078.75
  24 164.177 243.154 1067.52
  25 171.415 173.198 1053.9
  26 178.653 246.694 1043.86
  27 185.89 171.669 1034.86
  28 193.128 248.242 1028.5
  29 200.366 171.048 1015.82
  30 207.604 248.962 1007.3
  31 214.841 170.798 998.821
  32 222.079 249.299 988.444
  33 229.317 170.988 977.743
  34 236.555 249.148 967.684
  35 243.792 172.112 959.871
  36 251.03 247.989 948.668
  37 258.268 174.589 935.056
  38 265.506 245.48 930.282
  39 272.743 179.298 922.35
  40 279.981 240.736 910.998
  41 287.219 0 0
6000000 41 8400
  1 -2.29108 187.045 913.487
  2 4.94667 232.958 924.609
  3 12.1844 197.299 931.079
  4 19.4222 222.701 941.125
  5 26.6599 206.141 949.179
  6 33.8977 213.86 956.396
  7 41.1354 212.379 968.847
  8 48.3732 207.625 974.663
  9 55.6109 215.75 984.142
  10 62.8486 204.248 991.915
  11 70.0864 216.328 1001
  12 77.3241 203.674 1009.94
  13 84.5619 214.478 1016.99
  14 91.7996 205.518 1024.9
  15 99.0374 210.521 1028.53
  16 106.275 209.478 1039.08
  17 113.513 204.304 1046.9
  18 120.751 215.694 1059.52
  19 127.988 195.067 1071.34
  20 135.226 224.916 1084.33
  21 142.464 184.228 1097.94
  22 149.702 235.723 1088.71
  23 156.939 176.968 1076.16
  24 164.177 242.95 1060.96
  25 171.415 173.711 1051.46
  26 178.653 246.178 1043.96
  27 185.89 172.104 1031.89
  28 193.128 247.791 1023.24
  29 200.366 171.466 1013.05
  30 207.604 248.523 1000.12
  31 214.841 171.486 993.729
  32 222.079 248.635 986.043
  33 229.317 171.716 978.032
  34 236.555 248.393 970.221
  35 243.792 172.6 966.034
  36 251.03 247.473 961.192
  37 258.268 174.567 951.469
  38 265.506 245.484 941.168
  39 272.743 178.73 930.488
  40 279.981 241.288 921.193
  41 287.219 0 0
6500000 41 8400
  1 -2.29108 185.152 907.962
  2 4.94667 234.854 916.494
  3 12.1844 195.788 924.335
  4 19.4222 224.214 932.851
  5 26.6599 205.804 939.494
  6 33.8977 214.195 948.862
  7 41.1354 213.551 958.434
  8 48.3732 206.451 961.899
  9 55.6109 218.307 974.39
  10 62.8486 201.696 981.689
  11 70.0864 220.072 995.836
  12 77.3241 199.924 1001.32
  13 84.5619 218.966 1014.96
  14 91.7996 201.036 1021.94
  15 99.0374 215.217 1032.33
  16 106.275 204.782 1046.79
  17 113.513 207.704 1054.7
  18 120.751 212.292 1064.48
  19 127.988 197.634 1075.42
  20 135.226 222.351 1086.49
  21 142.464 185.841 1094.7
  22 149.702 234.124 1090.38
  23 156.939 177.762 1078.97
  24 164.177 242.16 1067.66
  25 171.415 173.639 1063.2
  26 178.653 246.225 1055.51
  27 185.89 171.831 1042.97
  28 193.128 247.991 1037.05
  29 200.366 171.032 1023.73
  30 207.604 248.892 1015.38
  31 214.841 170.952 1004.24
  32 222.079 249.155 989.649
  33 229.317 171.14 979.625
  34 236.555 249.022 973.948
  35 243.792 171.724 969.421
  36 251.03 248.409 955.864
  37 258.268 173.168 947.149
  38 265.506 246.904 934.105
  39 272.743 176.998 928.145
  40 279.981 243.039 916.895
  41 287.219 0 0
7000000 41 8400
  1 -2.29108 186.904 911.695
  2 4.94667 233.112 916.538
  3 12.1844 196.927 928.566
  4 19.4222 223.074 936.48
  5 26.6599 206.184 943.416
  6 33.8977 213.817 950.447
  7 41.1354 213.631 962.067
  8 48.3732 206.369 968.394
  9 55.6109 218.103 976.41
  10 62.8486 201.898 986.464
  11 70.0864 219.614 995.29
  12 77.3241 200.387 1005.99
  13 84.5619 218.017 1013.57
  14 91.7996 201.983 1023.37
  15 99.0374 213.742 1033.93
  16 106.275 206.257 1042.28
  17 113.513 207.632 1046.57
  18 120.751 212.362 1062.27
  19 127.988 197.612 1079.22
  20 135.226 222.348 1091.66
  21 142.464 185.699 1102.8
  22 149.702 234.254 1094.57
  23 156.939 177.396 1079.14
  24 164.177 242.516 1064.93
  25 171.415 173.531 1051.82
  26 178.653 246.379 1044.29
  27 185.89 171.666 1037.81
  28 193.128 248.228 1031.74
  29 200.366 170.957 1017.07
  30 207.604 249.045 1009.35
  31 214.841 170.833 1001.64
  32 222.079 249.196 988.96
  33 229.317 171.258 983.073
  34 236.555 248.83 973.64
  35 243.792 172.313 960.543
  36 251.03 247.824 952.047
  37 258.268 174.479 949.215
  38 265.506 245.597 936.938
  39 272.743 178.736 929.038
  40 279.981 241.292 916.694
  41 287.219 0 0
7500000 41 8400
  1 -2.29108 185.458 907.19
  2 4.94667 234.548 913.349
  3 12.1844 196.636 923.625
  4 19.4222 223.365 933.591
  5 26.6599 206.412 943.239
  6 33.8977 213.588 950.271
  7 41.1354 213.768 961.069
  8 48.3732 206.234 968.132
  9 55.6109 217.504 978.655
  10 62.8486 202.495 986.364
  11 70.0864 218.648 999.84
  12 77.3241 201.353 1005.75
  13 84.5619 217.424 1014.87
  14 91.7996 202.576 1024.62
  15 99.0374 212.764 1039.17
  16 106.275 207.232 1048.22
  17 113.513 205.447 1055.96
  18 120.751 214.55 1061.47
  19 127.988 196.233 1071.97
  20 135.226 223.757 1082.79
  21 142.464 185.133 1094.28
  22 149.702 234.82 1081.87
  23 156.939 177.814 1078.11
  24 164.177 242.098 1067.12
  25 171.415 173.972 1056.59
  26 178.653 245.919 1047.43
  27 185.89 172.221 1034.99
  28 193.128 247.681 1027.76
  29 200.366 171.52 1016.38
  30 207.604 248.442 1012.51
  31 214.841 171.351 1006.2
  32 222.079 248.63 996.839
  33 229.317 171.493 985.487
  34 236.555 248.641 975.172
  35 243.792 172.041 968.363
  36 251.03 248.116 957.677
  37 258.268 173.734 946.515
  38 265.506 246.342 937.725
  39 272.743 177.459 924.716
  40 279.981 242.581 916.78
  41 287.219 0 0
8000000 41 8400
  1 -2.29108 186.399 909.808
  2 4.94667 233.606 919.943
  3 12.1844 196.948 928.372
  4 19.4222 223.055 939.06
  5 26.6599 205.904 946.169
  6 33.8977 214.097 953.075
  7 41.1354 212.911 962.107
  8 48.3732 207.09 972.163
  9 55.6109 217.018 979.516
  10 62.8486 202.981 984.866
  11 70.0864 218.543 996.26
  12 77.3241 201.456 1004.87
  13 84.5619 217.03 1015.78
  14 91.7996 202.971 1025.52
  15 99.0374 212.984 1032.39
  16 106.275 207.015 1038.7
  17 113.513 206.92 1053.73
  18 120.751 213.077 1063.67
  19 127.988 196.899 1074.45
  20 135.226 223.091 1085.18
  21 142.464 185.326 1097.04
  22 149.702 234.619 1090.63
  23 156.939 177.609 1074.59
  24 164.177 242.306 1066.91
  25 171.415 173.428 1060.48
  26 178.653 246.474 1046.88
  27 185.89 171.66 1034.36
  28 193.128 248.227 1024.76
  29 200.366 171.098 1017.51
  30 207.604 248.861 1009.51
  31 214.841 171.021 1003.18
  32 222.079 249.06 990.212
  33 229.317 171.318 982.097
  34 236.555 248.781 972.933
  35 243.792 172.214 961.869
  36 251.03 247.918 951.748
  37 258.268 174.236 947.106
  38 265.506 245.824 935.179
  39 272.743 178.432 929.392
  40 279.981 241.593 919.395
  41 287.219 0 0
8500000 41 8400
  1 -2.29108 188.592 905.403
  2 4.94667 231.412 916.417
  3 12.1844 199.968 927.446
  4 19.4222 220.032 934.433
  5 26.6599 209.189 946.406
  6 33.8977 210.812 954.812
  7 41.1354 215.267 968.57
  8 48.3732 204.732 978.444
  9 55.6109 218.229 987.055
  10 62.8486 201.773 996.699
  11 70.0864 217.961 1005.06
  12 77.3241 202.038 1011.49
  13 84.5619 215.93 1021.97
  14 91.7996 204.07 1031.67
  15 99.0374 211.006 1041.19
  16 106.275 208.993 1050.82
  17 113.513 202.696 1060.15
  18 120.751 217.3 1065.92
  19 127.988 193.212 1073.49
  20 135.226 226.759 1086.47
  21 142.464 182.627 1101.04
  22 149.702 237.298 1085.47
  23 156.939 175.985 1072.93
  24 164.177 243.928 1060.73
  25 171.415 172.846 1050.35
  26 178.653 247.066 1037.48
  27 185.89 171.652 1029.67
  28 193.128 248.275 1016.09
  29 200.366 171.222 1013.18
  30 207.604 248.798 1002.85
  31 214.841 171.134 995.072
  32 222.079 248.93 988.033
  33 229.317 171.439 982.706
  34 236.555 248.66 974.369
  35 243.792 172.32 963.004
  36 251.03 247.774 955.313
  37 258.268 174.4 944.948
  38 265.506 245.661 934.78
  39 272.743 179.001 921.706
  40 279.981 241.012 914.133
  41 287.219 0 0
9000000 41 8400
  1 -2.29108 188.441 907.189
  2 4.94667 231.561 915.833
  3 12.1844 199.988 926.98
  4 19.4222 220.014 938.802
  5 26.6599 209.288 947.24
  6 33.8977 210.713 955.135
  7 41.1354 215.757 964.021
  8 48.3732 204.243 972.12
  9 55.6109 219.676 983.208
  10 62.8486 200.325 995
  11 70.0864 220.046 1003.58
  12 77.3241 199.953 1013.04
  13 84.5619 217.386 1025.61
  14 91.7996 202.617 1029.05
  15 99.0374 212.502 1036.55
  16 106.275 207.494 1047.79
  17 113.513 204.468 1057.8
  18 120.751 215.53 1066.25
  19 127.988 194.422 1077.25
  20 135.226 225.557 1094.1
  21 142.464 183.034 1098.89
  22 149.702 236.898 1088.94
  23 156.939 176.069 1075.27
  24 164.177 243.827 1064.89
  25 171.415 172.718 1054.97
  26 178.653 247.144 1042.35
  27 185.89 171.282 1039.29
  28 193.128 248.618 1026.92
  29 200.366 170.737 1012.98
  30 207.604 249.305 1004.37
  31 214.841 170.605 993.84
  32 222.079 249.485 984.1
  33 229.317 170.922 971.433
  34 236.555 249.198 965.228
  35 243.792 171.932 958.843
  36 251.03 248.182 949.325
  37 258.268 174.259 939.722
  38 265.506 245.786 931.907
  39 272.743 179.216 925.373
  40 279.981 240.801 916.928
  41 287.219 0 0
9500000 41 8400
  1 -2.29108 188.885 905.097
  2 4.94667 231.117 913.03
  3 12.1844 200.513 926.257
  4 19.4222 219.487 938.279
  5 26.6599 209.568 945.508
  6 33.8977 210.433 960.826
  7 41.1354 215.53 969.425
  8 48.3732 204.471 981.828
  9 55.6109 218.475 986.606
  10 62.8486 201.525 995.323
  11 70.0864 218.46 1004.98
  12 77.3241 201.542 1013.59
  13 84.5619 216.158 1018.86
  14 91.7996 203.84 1030.18
  15 99.0374 211.062 1042.24
  16 106.275 208.936 1050.94
  17 113.513 203.143 1056.91
  18 120.751 216.853 1065
  19 127.988 193.575 1070.58
  20 135.226 226.406 1085.93
  21 142.464 183.264 1094.34
  22 149.702 236.672 1082.38
  23 156.939 176.543 1074.15
  24 164.177 243.361 1067.11
  25 171.415 173 1056.55
  26 178.653 246.875 1045.67
  27 185.89 171.309 1032.83
  28 193.128 248.639 1023.93
  29 200.366 170.682 1012.59
  30 207.604 249.331 1004.99
  31 214.841 170.63 990.249
  32 222.079 249.469 984.869
  33 229.317 170.825 975.976
  34 236.555 249.291 964.052
  35 243.792 171.992 954.453
  36 251.03 248.083 950.321
  37 258.268 174.557 943.804
  38 265.506 245.478 937.461
  39 272.743 179.408 925.746
  40 279.981 240.614 914.369
  41 287.219 0 0
10000000 41 8400
  1 -2.29108 187.586 902.602
  2 4.94667 232.421 909.701
  3 12.1844 199.094 924.064
  4 19.4222 220.906 938.797
  5 26.6599 208.178 948.352
  6 33.8977 211.823 952.763
  7 41.1354 214.965 959.927
  8 48.3732 205.036 969.443
  9 55.6109 219.477 975.048
  10 62.8486 200.524 984.831
  11 70.0864 221.385 991.846
  12 77.3241 198.615 1004.53
  13 84.5619 220.109 1012.98
  14 91.7996 199.893 1022.56
  15 99.0374 216.32 1034.82
  16 106.275 203.678 1045.84
  17 113.513 208.843 1056.44
  18 120.751 211.153 1069.84
  19 127.988 198.212 1080.1
  20 135.226 221.772 1094.21
  21 142.464 186.145 1104.91
  22 149.702 233.799 1099
  23 156.939 177.598 1082.17
  24 164.177 242.288 1077.49
  25 171.415 173.216 1064.76
  26 178.653 246.634 1053.2
  27 185.89 171.192 1045.56
  28 193.128 248.718 1034.51
  29 200.366 170.427 1021.71
  30 207.604 249.489 1011.11
  31 214.841 170.386 997.708
  32 222.079 249.723 988.643
  33 229.317 170.568 978.52
  34 236.555 249.569 970.213
  35 243.792 171.298 957.943
  36 251.03 248.859 944.905
  37 258.268 173.446 937.166
  38 265.506 246.62 929.061
  39 272.743 178.022 920.094
  40 279.981 242.014 909.47
  41 287.219 0 0
10500000 41 8400
  1 -2.29108 187.071 909.034
  2 4.94667 232.935 917.351
  3 12.1844 197.59 924.414
  4 19.4222 222.412 933.921
  5 26.6599 207.492 942.144
  6 33.8977 212.508 950.108
  7 41.1354 215.091 959.386
  8 48.3732 204.91 968.99
  9 55.6109 219.03 980.278
  10 62.8486 200.97 989.154
  11 70.0864 220.073 998.76
  12 77.3241 199.926 1001.29
  13 84.5619 218.497 1016.91
  14 91.7996 201.504 1029.84
  15 99.0374 213.762 1036.91
  16 106.275 206.234 1046.66
  17 113.513 206.432 1052.87
  18 120.751 213.564 1065.95
  19 127.988 196.269 1076.55
  20 135.226 223.708 1091.84
  21 142.464 184.856 1100.28
  22 149.702 235.071 1092.18
  23 156.939 177.084 1077.39
  24 164.177 242.792 1064.38
  25 171.415 173.423 1057.5
  26 178.653 246.474 1043.99
  27 185.89 171.615 1035.25
  28 193.128 248.338 1026.37
  29 200.366 170.981 1016.59
  30 207.604 249.031 1010.89
  31 214.841 170.679 1001.3
  32 222.079 249.35 991.851
  33 229.317 170.953 982.488
  34 236.555 249.169 971.06
  35 243.792 171.895 961.868
  36 251.03 248.204 952.908
  37 258.268 174.194 944.455
  38 265.506 245.887 934.048
  39 272.743 178.566 926.669
  40 279.981 241.459 917.44
  41 287.219 0 0
11000000 41 8400
  1 -2.29108 185.179 910.483
  2 4.94667 234.826 916.315
  3 12.1844 196.032 924.417
  4 19.4222 223.97 932.127
  5 26.6599 205.353 946.199
  6 33.8977 214.648 953.533
  7 41.1354 212.178 961.398
  8 48.3732 207.822 968.519
  9 55.6109 216.692 978.803
  10 62.8486 203.31 985.872
  11 70.0864 218.565 989.833
  12 77.3241 201.434 1000.79
  13 84.5619 217.891 1010.6
  14 91.7996 202.109 1022.11
  15 99.0374 214.116 1031.74
  16 106.275 205.883 1040.92
  17 113.513 207.8 1051.46
  18 120.751 212.2 1061.38
  19 127.988 198.254 1071.88
  20 135.226 221.729 1088.08
  21 142.464 186.496 1096.99
  22 149.702 233.46 1091.95
  23 156.939 178.538 1075.82
  24 164.177 241.371 1068.65
  25 171.415 174.5 1058.37
  26 178.653 245.365 1046.42
  27 185.89 172.478 1040.39
  28 193.128 247.404 1032.5
  29 200.366 171.424 1024.32
  30 207.604 248.542 1012.32
  31 214.841 171.026 1000.95
  32 222.079 249.042 991.351
  33 229.317 171.139 979.123
  34 236.555 248.982 973.224
  35 243.792 171.885 965.132
  36 251.03 248.246 953.885
  37 258.268 173.766 944.123
  38 265.506 246.31 938.869
  39 272.743 177.425 930.898
  40 279.981 242.606 921.245
  41 287.219 0 0
11500000 41 8400
  1 -2.29108 189.968 907.878
  2 4.94667 230.034 915.609
  3 12.1844 201.283 928.316
  4 19.4222 218.718 937.915
  5 26.6599 210.78 949.336
  6 33.8977 209.221 957.456
  7 41.1354 217.162 967.037
  8 48.3732 202.84 975.019
  9 55.6109 219.906 988.827
  10 62.8486 200.093 1001.02
  11 70.0864 219.221 1009.66
  12 77.3241 200.78 1015.65
  13 84.5619 216.135 1024.66
  14 91.7996 203.862 1034.73
  15 99.0374 210.271 1042.39
  16 106.275 209.728 1052.09
  17 113.513 202.267 1055.68
  18 120.751 217.727 1063.53
  19 127.988 192.835 1074.05
  20 135.226 227.142 1084.76
  21 142.464 182.285 1096.05
  22 149.702 237.634 1087.55
  23 156.939 175.58 1073.32
  24 164.177 244.317 1062.88
  25 171.415 172.652 1053.67
  26 178.653 247.202 1040.44
  27 185.89 171.304 1031.35
  28 193.128 248.628 1021.6
  29 200.366 170.801 1013.57
  30 207.604 249.248 1002.37
  31 214.841 170.624 995.124
  32 222.079 249.457 982.38
  33 229.317 170.993 976.472
  34 236.555 249.154 964.65
  35 243.792 172.092 953.35
  36 251.03 247.996 944.053
  37 258.268 174.924 939.177
  38 265.506 245.116 932.181
  39 272.743 180.292 925.024
  40 279.981 239.729 916.206
  41 287.219 0 0
12000000 41 8400
  1 -2.29108 190.391 911.548
  2 4.94667 229.612 920.356
  3 12.1844 201.413 932.353
  4 19.4222 218.587 940.502
  5 26.6599 210.615 945.202
  6 33.8977 209.386 956.076
  7 41.1354 216.548 970.444
  8 48.3732 203.452 978.568
  9 55.6109 219.363 987.279
  10 62.8486 200.638 997.86
  11 70.0864 219.372 1003.57
  12 77.3241 200.631 1013.03
  13 84.5619 216.825 1022.67
  14 91.7996 203.174 1032.91
  15 99.0374 211.294 1042.04
  16 106.275 208.701 1053.43
  17 113.513 203.049 1060.41
  18 120.751 216.945 1069.86
  19 127.988 192.502 1085.79
  20 135.226 227.464 1099.98
  21 142.464 181.446 1100.09
  22 149.702 238.468 1087.1
  23 156.939 175.181 1072.61
  24 164.177 244.718 1061.29
  25 171.415 172.41 1049.9
  26 178.653 247.484 1040.85
  27 185.89 171.26 1028.42
  28 193.128 248.662 1019.74
  29 200.366 170.897 1007.38
  30 207.604 249.094 999.553
  31 214.841 170.971 995.94
  32 222.079 249.144 981.181
  33 229.317 171.429 968.869
  34 236.555 248.697 960.02
  35 243.792 172.753 956.145
  36 251.03 247.35 947.844
  37 258.268 175.562 943.037
  38 265.506 244.494 931.065
  39 272.743 181.142 923.084
  40 279.981 238.877 918.34
  41 287.219 0 0
