# Chunk-averaged data for fix 4 and group file
# Timestep Number-of-chunks Total-count
# Chunk Coord1 Ncount vx
4050000 20 8980
  1 8.72689 451.264 -0.00134658
  2 10.5875 447.84 -0.00103614
  3 12.4481 443.092 -0.000806148
  4 14.3088 447.33 -0.000527121
  5 16.1694 440.05 -0.000242389
  6 18.03 445.016 9.17649e-06
  7 19.8907 445.97 0.000282544
  8 21.7513 451.502 0.000501201
  9 23.6119 454.944 0.000685973
  10 25.4725 455.88 0.000831437
  11 27.3332 460.262 0.00110502
  12 29.1938 452.562 0.000823858
  13 31.0544 454.166 0.000617825
  14 32.915 450.6 0.000413263
  15 34.7757 458.842 0.00020987
  16 36.6363 440.49 6.08534e-07
  17 38.4969 447.286 -0.000252502
  18 40.3576 443.33 -0.000517374
  19 42.2182 444.992 -0.000797134
  20 44.0788 444.582 -0.00103231
4100000 20 8980
  1 8.72689 447.86 -0.00133044
  2 10.5875 447.268 -0.00105472
  3 12.4481 444.13 -0.000792434
  4 14.3088 445.5 -0.00054729
  5 16.1694 447.654 -0.000329993
  6 18.03 448.96 -5.49382e-05
  7 19.8907 442.576 0.000223104
  8 21.7513 447.526 0.000481482
  9 23.6119 451.608 0.000688088
  10 25.4725 453.632 0.000875553
  11 27.3332 461.628 0.00111287
  12 29.1938 452.376 0.000826262
  13 31.0544 459.156 0.000614413
  14 32.915 454.346 0.000415553
  15 34.7757 449.83 0.000217046
  16 36.6363 446.776 3.31943e-05
  17 38.4969 446.604 -0.000227488
  18 40.3576 439.81 -0.000478369
  19 42.2182 450.716 -0.00074586
  20 44.0788 442.044 -0.00101247
4150000 20 8980
  1 8.72689 444.334 -0.00131064
  2 10.5875 448.068 -0.00104406
  3 12.4481 448.416 -0.000828942
  4 14.3088 447.006 -0.000586425
  5 16.1694 444.878 -0.000311599
  6 18.03 444.652 -7.98673e-05
  7 19.8907 448.06 0.000220772
  8 21.7513 445.078 0.000445784
  9 23.6119 451.738 0.000654756
  10 25.4725 447.5 0.00086624
  11 27.3332 459.252 0.00111604
  12 29.1938 448.646 0.000851925
  13 31.0544 458.82 0.00064675
  14 32.915 456.406 0.000464275
  15 34.7757 453.26 0.000283195
  16 36.6363 451.866 4.31006e-05
  17 38.4969 449.914 -0.000199257
  18 40.3576 439.302 -0.000463906
  19 42.2182 443.928 -0.000742283
  20 44.0788 448.876 -0.000997027
4200000 20 8980
  1 8.72689 444.74 -0.00138587
  2 10.5875 445.706 -0.0010567
  3 12.4481 444.498 -0.000799042
  4 14.3088 443.432 -0.000522568
  5 16.1694 450.106 -0.00026918
  6 18.03 444.394 -2.31776e-05
  7 19.8907 448.056 0.000229992
  8 21.7513 444.018 0.000447188
  9 23.6119 450.534 0.00065504
  10 25.4725 455.858 0.000870464
  11 27.3332 456.444 0.00112648
  12 29.1938 454.376 0.00084132
  13 31.0544 453.124 0.000640748
  14 32.915 461.956 0.000455416
  15 34.7757 448.164 0.000256153
  16 36.6363 449.616 3.12357e-05
  17 38.4969 447.052 -0.000224704
  18 40.3576 446.776 -0.000475777
  19 42.2182 444.494 -0.00075553
  20 44.0788 446.656 -0.00101619
4250000 20 8980
  1 8.72689 448.516 -0.00134291
  2 10.5875 448.218 -0.00102761
  3 12.4481 441.12 -0.000772469
  4 14.3088 445.302 -0.00054667
  5 16.1694 446.946 -0.000281717
  6 18.03 447.6 -2.10761e-05
  7 19.8907 442.14 0.000238863
  8 21.7513 447.44 0.000464522
  9 23.6119 452.444 0.000668049
  10 25.4725 457.272 0.000869519
  11 27.3332 458.566 0.00112261
  12 29.1938 451.438 0.000832787
  13 31.0544 454.198 0.000641711
  14 32.915 453.544 0.000447235
  15 34.7757 452.758 0.000233534
  16 36.6363 448.792 1.66077e-05
  17 38.4969 450.194 -0.000220321
  18 40.3576 441.18 -0.000514697
  19 42.2182 445.442 -0.00074506
  20 44.0788 446.89 -0.00103693
4300000 20 8980
  1 8.72689 455.052 -0.00133446
  2 10.5875 444.68 -0.00103511
  3 12.4481 442.506 -0.0008045
  4 14.3088 446.072 -0.000538659
  5 16.1694 443.936 -0.000298472
  6 18.03 443.036 -3.53017e-05
  7 19.8907 447.038 0.000231379
  8 21.7513 450.018 0.000485448
  9 23.6119 457.58 0.000654249
  10 25.4725 453.054 0.000870052
  11 27.3332 461.89 0.00111527
  12 29.1938 452.278 0.000843446
  13 31.0544 454.972 0.000647492
  14 32.915 448.702 0.000444312
  15 34.7757 447.066 0.000227247
  16 36.6363 450.032 -9.411e-08
  17 38.4969 448.692 -0.000232091
  18 40.3576 446.48 -0.000486733
  19 42.2182 445.498 -0.000743381
  20 44.0788 441.418 -0.00100648
4350000 20 8980
  1 8.72689 451.772 -0.00131282
  2 10.5875 440.942 -0.00101297
  3 12.4481 451.602 -0.000775744
  4 14.3088 443.59 -0.00051474
  5 16.1694 447.19 -0.000282417
  6 18.03 440.648 -2.34641e-05
  7 19.8907 450.2 0.000219678
  8 21.7513 448.84 0.00042267
  9 23.6119 448.47 0.000632584
  10 25.4725 460.238 0.000789667
  11 27.3332 452.186 0.00109466
  12 29.1938 457.864 0.000810457
  13 31.0544 452.024 0.000633107
  14 32.915 454.39 0.000433428
  15 34.7757 453.7 0.000261993
  16 36.6363 446.922 2.71784e-05
  17 38.4969 447.182 -0.000218471
  18 40.3576 438.142 -0.000474974
  19 42.2182 447.908 -0.000763856
  20 44.0788 446.19 -0.0010025
4400000 20 8980
  1 8.72689 451.068 -0.00133321
  2 10.5875 447 -0.00104214
  3 12.4481 446.222 -0.000812704
  4 14.3088 444.46 -0.000555589
  5 16.1694 446.96 -0.00030805
  6 18.03 441.334 -4.01962e-05
  7 19.8907 447.63 0.000210066
  8 21.7513 444.256 0.000433132
  9 23.6119 450.59 0.000649027
  10 25.4725 450.518 0.000848338
  11 27.3332 460.732 0.00106508
  12 29.1938 461.008 0.000826339
  13 31.0544 455.884 0.000654147
  14 32.915 459.384 0.000449487
  15 34.7757 455.736 0.000272368
  16 36.6363 440.468 5.68039e-05
  17 38.4969 447.1 -0.000205365
  18 40.3576 441.05 -0.000468118
  19 42.2182 446.622 -0.000733692
  20 44.0788 441.978 -0.00100206
4450000 20 8980
  1 8.72689 447.642 -0.00128445
  2 10.5875 449.928 -0.000981864
  3 12.4481 444.004 -0.000741465
  4 14.3088 441.698 -0.00051399
  5 16.1694 440.582 -0.000259388
  6 18.03 450.074 -1.0971e-05
  7 19.8907 445.682 0.000209003
  8 21.7513 449.964 0.00042813
  9 23.6119 454.402 0.000616984
  10 25.4725 459.382 0.000789541
  11 27.3332 457.178 0.00101565
  12 29.1938 458.028 0.000776728
  13 31.0544 455.33 0.000602162
  14 32.915 454.312 0.000427805
  15 34.7757 450.922 0.000249769
  16 36.6363 442.964 2.86206e-05
  17 38.4969 445.746 -0.000215815
  18 40.3576 440.86 -0.000478907
  19 42.2182 445.268 -0.00073211
  20 44.0788 446.034 -0.000992828
4500000 20 8980
  1 8.72689 451.01 -0.00131962
  2 10.5875 444.82 -0.00101787
  3 12.4481 445.612 -0.000769972
  4 14.3088 449.006 -0.000519463
  5 16.1694 444.14 -0.000278143
  6 18.03 445.782 -3.95687e-05
  7 19.8907 444.696 0.00020345
  8 21.7513 446.268 0.000451198
  9 23.6119 451.738 0.00066174
  10 25.4725 457.958 0.000842495
  11 27.3332 452.516 0.00107153
  12 29.1938 459.684 0.000785292
  13 31.0544 453.17 0.000625332
  14 32.915 458.806 0.000444504
  15 34.7757 449.236 0.000257271
  16 36.6363 447.428 2.99844e-05
  17 38.4969 444.818 -0.000227848
  18 40.3576 441.516 -0.000501244
  19 42.2182 449.088 -0.00076736
  20 44.0788 442.708 -0.00100731
4550000 20 8980
  1 8.72689 447.392 -0.00127505
  2 10.5875 444.03 -0.000990041
  3 12.4481 446.512 -0.000733867
  4 14.3088 448.97 -0.000507989
  5 16.1694 440.324 -0.000256618
  6 18.03 446.484 -1.59156e-05
  7 19.8907 445.454 0.000212855
  8 21.7513 454.166 0.000427677
  9 23.6119 455.624 0.000629928
  10 25.4725 457.04 0.000803888
  11 27.3332 456.32 0.00104517
  12 29.1938 459.066 0.000777952
  13 31.0544 456.794 0.00061429
  14 32.915 452.762 0.00043385
  15 34.7757 451.53 0.000228919
  16 36.6363 438.568 1.57737e-05
  17 38.4969 443.948 -0.00024449
  18 40.3576 439.62 -0.000497112
  19 42.2182 445.88 -0.000767324
  20 44.0788 449.516 -0.000991602
4600000 20 8980
  1 8.72689 445.258 -0.00128869
  2 10.5875 446.018 -0.000987942
  3 12.4481 442.114 -0.000740569
  4 14.3088 445.26 -0.000441152
  5 16.1694 449.068 -0.00023718
  6 18.03 448.44 -1.54702e-05
  7 19.8907 446.212 0.000200554
  8 21.7513 454.01 0.000414468
  9 23.6119 455.316 0.000587454
  10 25.4725 456.624 0.000764729
  11 27.3332 460.74 0.00102632
  12 29.1938 453.01 0.000780221
  13 31.0544 453.266 0.000590826
  14 32.915 455.56 0.00043117
  15 34.7757 446.226 0.000243338
  16 36.6363 446.766 2.38583e-05
  17 38.4969 442.09 -0.000227436
  18 40.3576 450.06 -0.000489185
  19 42.2182 437.33 -0.000726711
  20 44.0788 446.632 -0.000984239
4650000 20 8980
  1 8.72689 445.958 -0.00127906
  2 10.5875 448.476 -0.0009779
  3 12.4481 441.032 -0.000737401
  4 14.3088 444.352 -0.000486925
  5 16.1694 446.534 -0.000209524
  6 18.03 444.048 1.42897e-05
  7 19.8907 456.326 0.000235527
  8 21.7513 450.78 0.000420798
  9 23.6119 454.126 0.000582828
  10 25.4725 455.744 0.00076754
  11 27.3332 460.74 0.00102651
  12 29.1938 452.062 0.000808968
  13 31.0544 456.142 0.000617998
  14 32.915 449.87 0.000459374
  15 34.7757 449.46 0.000231664
  16 36.6363 443.896 -1.5513e-06
  17 38.4969 442.222 -0.000250445
  18 40.3576 446.774 -0.000518944
  19 42.2182 439.422 -0.000771639
  20 44.0788 452.036 -0.00100494
4700000 20 8980
  1 8.72689 448.386 -0.00127271
  2 10.5875 448.142 -0.000978867
  3 12.4481 441.032 -0.000749354
  4 14.3088 443.968 -0.0004436
  5 16.1694 448.506 -0.000226731
  6 18.03 447.064 3.06642e-05
  7 19.8907 452.664 0.000252089
  8 21.7513 446.678 0.000422734
  9 23.6119 462.01 0.000612234
  10 25.4725 457.478 0.000796042
  11 27.3332 457.652 0.00102611
  12 29.1938 453.56 0.000781805
  13 31.0544 457.116 0.000611284
  14 32.915 446.37 0.000431619
  15 34.7757 446.618 0.000216674
  16 36.6363 441.408 -1.78005e-05
  17 38.4969 445.17 -0.000256913
  18 40.3576 447.522 -0.000540229
  19 42.2182 444.632 -0.000749475
  20 44.0788 444.024 -0.000983901
4750000 20 8980
  1 8.72689 450.518 -0.00125053
  2 10.5875 449.856 -0.000946502
  3 12.4481 442.104 -0.000705927
  4 14.3088 446.512 -0.000469436
  5 16.1694 439.846 -0.000209097
  6 18.03 449.832 6.51189e-05
  7 19.8907 445.078 0.000247524
  8 21.7513 455.672 0.000414449
  9 23.6119 453.218 0.000620821
  10 25.4725 459.532 0.00076422
  11 27.3332 459.458 0.0010225
  12 29.1938 454.164 0.000785582
  13 31.0544 455.638 0.000625431
  14 32.915 441.614 0.000438423
  15 34.7757 444.624 0.000179414
  16 36.6363 450.658 -3.93296e-05
  17 38.4969 445.332 -0.000256708
  18 40.3576 444.644 -0.000499091
  19 42.2182 444.76 -0.00073765
  20 44.0788 446.94 -0.000982954
4800000 20 8980
  1 8.72689 450.732 -0.00125838
  2 10.5875 449.612 -0.000969085
  3 12.4481 448.022 -0.00076073
  4 14.3088 440.626 -0.00048862
  5 16.1694 447.084 -0.000251595
  6 18.03 444.98 3.49333e-05
  7 19.8907 448.688 0.000240259
  8 21.7513 450.372 0.000446048
  9 23.6119 463.14 0.00063133
  10 25.4725 456.77 0.000820418
  11 27.3332 462.992 0.00104448
  12 29.1938 451.808 0.00078951
  13 31.0544 450.932 0.000622798
  14 32.915 450.652 0.000412492
  15 34.7757 447.05 0.000221926
  16 36.6363 439.222 -4.77494e-05
  17 38.4969 446.056 -0.000265615
  18 40.3576 441.172 -0.000518883
  19 42.2182 447.47 -0.000747121
  20 44.0788 442.62 -0.000989016
4850000 20 8980
  1 8.72689 450.514 -0.00123959
  2 10.5875 447.014 -0.000960492
  3 12.4481 444.88 -0.000721827
  4 14.3088 443.748 -0.000450464
  5 16.1694 439.77 -0.00018893
  6 18.03 447.442 4.07059e-05
  7 19.8907 449.918 0.000260168
  8 21.7513 453.064 0.00043895
  9 23.6119 453.798 0.000605306
  10 25.4725 459.842 0.000747767
  11 27.3332 456.012 0.000999345
  12 29.1938 456.25 0.000774652
  13 31.0544 455.15 0.000585516
  14 32.915 453.964 0.000424669
  15 34.7757 444.954 0.000208617
  16 36.6363 446.61 -1.55318e-05
  17 38.4969 439.274 -0.000282581
  18 40.3576 451.656 -0.000490379
  19 42.2182 444.036 -0.000743791
  20 44.0788 442.104 -0.000972506
4900000 20 8980
  1 8.72689 445.47 -0.00122279
  2 10.5875 449.388 -0.000940082
  3 12.4481 443.35 -0.000707158
  4 14.3088 438.004 -0.00045693
  5 16.1694 444.248 -0.000234704
  6 18.03 447.318 3.67143e-06
  7 19.8907 453.672 0.000204896
  8 21.7513 443.546 0.000409589
  9 23.6119 452.36 0.000593049
  10 25.4725 456.22 0.000754156
  11 27.3332 463.626 0.000985983
  12 29.1938 451.312 0.000731677
  13 31.0544 459.408 0.00057059
  14 32.915 446.54 0.000392731
  15 34.7757 455.742 0.000216478
  16 36.6363 442.27 3.72188e-06
  17 38.4969 451.162 -0.000238414
  18 40.3576 448.658 -0.00044896
  19 42.2182 439.402 -0.000708811
  20 44.0788 448.304 -0.000954815
4950000 20 8980
  1 8.72689 452.89 -0.00119425
  2 10.5875 442.264 -0.000906179
  3 12.4481 449.252 -0.000709864
  4 14.3088 443.27 -0.000504651
  5 16.1694 452.16 -0.00025001
  6 18.03 445.3 -4.93766e-05
  7 19.8907 450.144 0.000190038
  8 21.7513 451.36 0.000388428
  9 23.6119 449.646 0.000597415
  10 25.4725 459.908 0.000755029
  11 27.3332 455.932 0.000986409
  12 29.1938 453.972 0.000752181
  13 31.0544 451.312 0.000573755
  14 32.915 452.148 0.000396977
  15 34.7757 451.418 0.000222156
  16 36.6363 436.15 -3.12459e-06
  17 38.4969 449.622 -0.000234677
  18 40.3576 442.112 -0.000442433
  19 42.2182 445.964 -0.000667949
  20 44.0788 445.176 -0.000915217
5000000 20 8980
  1 8.72689 446.822 -0.00123306
  2 10.5875 443.374 -0.000968077
  3 12.4481 449.588 -0.000707983
  4 14.3088 443.44 -0.000501168
  5 16.1694 448.924 -0.000251502
  6 18.03 442.768 -1.05581e-05
  7 19.8907 444.166 0.000220499
  8 21.7513 450.234 0.000378858
  9 23.6119 455.018 0.000594448
  10 25.4725 455.86 0.000755965
  11 27.3332 451.058 0.000993296
  12 29.1938 455.994 0.000756629
  13 31.0544 459.324 0.000577717
  14 32.915 454.59 0.000410378
  15 34.7757 450.012 0.000234658
  16 36.6363 447.32 3.68446e-05
  17 38.4969 450.274 -0.000180721
  18 40.3576 446.594 -0.000445467
  19 42.2182 441.306 -0.000691864
  20 44.0788 443.334 -0.00094548
5050000 20 8980
  1 8.72689 449.106 -0.00111619
  2 10.5875 448.016 -0.000892421
  3 12.4481 448.516 -0.00068707
  4 14.3088 445.522 -0.000460934
  5 16.1694 444.832 -0.000234929
  6 18.03 446.594 -1.8282e-05
  7 19.8907 444.004 0.00021451
  8 21.7513 447.012 0.000415483
  9 23.6119 455.044 0.000593919
  10 25.4725 452.39 0.000723423
  11 27.3332 459.554 0.000912533
  12 29.1938 447.502 0.000713062
  13 31.0544 454.522 0.000529079
  14 32.915 451.018 0.000344154
  15 34.7757 453.652 0.00019077
  16 36.6363 447.356 6.18535e-06
  17 38.4969 450.598 -0.000178318
  18 40.3576 441.722 -0.000396426
  19 42.2182 447.93 -0.000634526
  20 44.0788 445.11 -0.000871818
5100000 20 8980
  1 8.72689 449.766 -0.00112031
  2 10.5875 447.728 -0.000927946
  3 12.4481 446.658 -0.000700196
  4 14.3088 443.044 -0.000507674
  5 16.1694 443.706 -0.000280818
  6 18.03 443.584 -5.85153e-05
  7 19.8907 445.066 0.000181876
  8 21.7513 445.19 0.000403256
  9 23.6119 452.882 0.000605283
  10 25.4725 448.376 0.000778488
  11 27.3332 461.05 0.0009229
  12 29.1938 450.914 0.000753278
  13 31.0544 457.96 0.000567586
  14 32.915 449.706 0.000404808
  15 34.7757 462.216 0.00022512
  16 36.6363 447.43 3.74008e-05
  17 38.4969 453.286 -0.000166269
  18 40.3576 443.47 -0.000377698
  19 42.2182 446.062 -0.000624119
  20 44.0788 441.906 -0.000865171
5150000 20 8980
  1 8.72689 443.616 -0.00105119
  2 10.5875 455.714 -0.0008868
  3 12.4481 445.43 -0.000683433
  4 14.3088 447.372 -0.000490051
  5 16.1694 435.882 -0.000274807
  6 18.03 448.726 -6.92891e-05
  7 19.8907 442.956 0.000189603
  8 21.7513 445.88 0.000391694
  9 23.6119 443.75 0.000606484
  10 25.4725 448.006 0.000765271
  11 27.3332 451.902 0.000940432
  12 29.1938 450.588 0.000739058
  13 31.0544 460.546 0.00057529
  14 32.915 451.948 0.000385501
  15 34.7757 456.434 0.000191655
  16 36.6363 450.414 3.30315e-05
  17 38.4969 458.744 -0.000161768
  18 40.3576 452.132 -0.000337681
  19 42.2182 443.266 -0.00059018
  20 44.0788 446.694 -0.000819352
5200000 20 8980
  1 8.72689 452.422 -0.00107921
  2 10.5875 448.55 -0.000875455
  3 12.4481 442.848 -0.000680536
  4 14.3088 445.754 -0.000475633
  5 16.1694 442.61 -0.000259133
  6 18.03 444.542 -3.24454e-05
  7 19.8907 441.212 0.0002036
  8 21.7513 446.2 0.000404998
  9 23.6119 446.746 0.000606294
  10 25.4725 450.994 0.000741341
  11 27.3332 455.488 0.000915614
  12 29.1938 456.676 0.000708465
  13 31.0544 454.048 0.000548203
  14 32.915 456.384 0.000392626
  15 34.7757 456.322 0.000198649
  16 36.6363 452.486 2.63059e-05
  17 38.4969 453.298 -0.000165603
  18 40.3576 441.056 -0.000396397
  19 42.2182 445.744 -0.000606917
  20 44.0788 446.62 -0.000844898
5250000 20 8980
  1 8.72689 451.59 -0.00106596
  2 10.5875 443.848 -0.0008826
  3 12.4481 447.918 -0.000676588
  4 14.3088 444.466 -0.000475737
  5 16.1694 446.368 -0.00023978
  6 18.03 441.698 -2.78991e-05
  7 19.8907 440.02 0.000236407
  8 21.7513 445.722 0.000391945
  9 23.6119 453.148 0.000587053
  10 25.4725 447.686 0.000755058
  11 27.3332 459.08 0.000913185
  12 29.1938 451.058 0.000718724
  13 31.0544 452.9 0.000549619
  14 32.915 455.322 0.00035731
  15 34.7757 457.952 0.000203548
  16 36.6363 454.39 2.32583e-05
  17 38.4969 447.674 -0.000163828
  18 40.3576 446.394 -0.000367679
  19 42.2182 449.824 -0.000646095
  20 44.0788 442.942 -0.00083917
5300000 20 8980
  1 8.72689 447.082 -0.00108151
  2 10.5875 444.356 -0.000889996
  3 12.4481 445.958 -0.000660158
  4 14.3088 441.656 -0.00047548
  5 16.1694 443.136 -0.000242813
  6 18.03 448.436 -1.54707e-05
  7 19.8907 446.454 0.00017456
  8 21.7513 445.022 0.000394461
  9 23.6119 446.474 0.000588839
  10 25.4725 453.45 0.000742565
  11 27.3332 456.104 0.000906656
  12 29.1938 454.948 0.000743223
  13 31.0544 456.126 0.000548463
  14 32.915 455.914 0.000370562
  15 34.7757 455.974 0.000209736
  16 36.6363 452.908 2.48422e-05
  17 38.4969 453.256 -0.000162521
  18 40.3576 440.474 -0.000388386
  19 42.2182 444.316 -0.000635371
  20 44.0788 447.956 -0.000871765
5350000 20 8980
  1 8.72689 447.62 -0.00107226
  2 10.5875 442.198 -0.00084203
  3 12.4481 442.378 -0.000638615
  4 14.3088 448.81 -0.000438447
  5 16.1694 443.388 -0.000217546
  6 18.03 444.022 -1.3269e-05
  7 19.8907 440.81 0.000192658
  8 21.7513 449.214 0.000402878
  9 23.6119 449.216 0.000576229
  10 25.4725 456.742 0.000722826
  11 27.3332 459.196 0.000891409
  12 29.1938 454.634 0.000679826
  13 31.0544 458.27 0.000530886
  14 32.915 454.902 0.000363243
  15 34.7757 455.124 0.000179259
  16 36.6363 456.472 -1.3953e-06
  17 38.4969 447.594 -0.000195545
  18 40.3576 439.592 -0.000408772
  19 42.2182 445.922 -0.000627741
  20 44.0788 443.896 -0.000844583
5400000 20 8980
  1 8.72689 457.388 -0.0010912
  2 10.5875 432.428 -0.000880459
  3 12.4481 452.01 -0.000666146
  4 14.3088 445.976 -0.00044143
  5 16.1694 449.172 -0.000248649
  6 18.03 442.638 -9.88929e-06
  7 19.8907 447.538 0.000188148
  8 21.7513 447.318 0.000388604
  9 23.6119 449.712 0.000551897
  10 25.4725 455.82 0.000738472
  11 27.3332 457.838 0.000871389
  12 29.1938 457.57 0.000720087
  13 31.0544 457.312 0.000530862
  14 32.915 451.326 0.000383155
  15 34.7757 459.48 0.000199766
  16 36.6363 445.536 1.59784e-05
  17 38.4969 450.178 -0.00015588
  18 40.3576 434.238 -0.000402523
  19 42.2182 447.434 -0.000660668
  20 44.0788 439.088 -0.000899554
5450000 20 8980
  1 8.72689 450.654 -0.00108784
  2 10.5875 441.434 -0.000880827
  3 12.4481 444.838 -0.000643922
  4 14.3088 444.676 -0.000436979
  5 16.1694 445.184 -0.00021408
  6 18.03 443.614 -1.40225e-05
  7 19.8907 446.594 0.000226665
  8 21.7513 445.214 0.000394609
  9 23.6119 456.302 0.00057653
  10 25.4725 456.782 0.000734126
  11 27.3332 460.706 0.000893575
  12 29.1938 451.008 0.000699887
  13 31.0544 458.81 0.000513239
  14 32.915 450.13 0.000378134
  15 34.7757 453.432 0.0001612
  16 36.6363 448.594 5.14964e-06
  17 38.4969 449.214 -0.000208026
  18 40.3576 447.46 -0.000388341
  19 42.2182 443.216 -0.000649107
  20 44.0788 442.138 -0.000859024
5500000 20 8980
  1 8.72689 445.192 -0.00106277
  2 10.5875 454.494 -0.000871645
  3 12.4481 444.572 -0.000672326
  4 14.3088 442.856 -0.000436886
  5 16.1694 442.266 -0.000236984
  6 18.03 440.416 8.40856e-06
  7 19.8907 447.726 0.000173151
  8 21.7513 449.7 0.000369733
  9 23.6119 453.984 0.000531486
  10 25.4725 456.79 0.000679949
  11 27.3332 452.282 0.000853614
  12 29.1938 459.884 0.00067097
  13 31.0544 458.638 0.000513468
  14 32.915 451.344 0.000373183
  15 34.7757 456.54 0.000194041
  16 36.6363 450.97 5.22309e-05
  17 38.4969 442.262 -0.00014473
  18 40.3576 440.878 -0.000378477
  19 42.2182 446.84 -0.000618835
  20 44.0788 442.366 -0.00083426
5550000 20 8980
  1 8.72689 448.27 -0.0010234
  2 10.5875 445.24 -0.000840493
  3 12.4481 447.376 -0.000656189
  4 14.3088 448.102 -0.000456956
  5 16.1694 442.918 -0.000251335
  6 18.03 446.08 -1.23063e-05
  7 19.8907 444.868 0.000170964
  8 21.7513 445.214 0.00038096
  9 23.6119 452.544 0.000526205
  10 25.4725 454.582 0.000695624
  11 27.3332 457.548 0.000849225
  12 29.1938 450.896 0.000658078
  13 31.0544 461.61 0.000525902
  14 32.915 446.214 0.000380175
  15 34.7757 453.882 0.000195196
  16 36.6363 451 1.2402e-05
  17 38.4969 446.878 -0.000174274
  18 40.3576 444.53 -0.000376095
  19 42.2182 445.372 -0.000613587
  20 44.0788 446.876 -0.000817333
5600000 20 8980
  1 8.72689 449.148 -0.00107001
  2 10.5875 450.37 -0.000875453
  3 12.4481 443.894 -0.000684787
  4 14.3088 447.136 -0.000492178
  5 16.1694 441.318 -0.000270623
  6 18.03 445.554 -5.12428e-05
  7 19.8907 449.078 0.000186456
  8 21.7513 443.292 0.000377697
  9 23.6119 452.158 0.000555138
  10 25.4725 458.46 0.000698598
  11 27.3332 455.734 0.000884538
  12 29.1938 453.47 0.000699594
  13 31.0544 456.338 0.000543948
  14 32.915 456.898 0.000389484
  15 34.7757 446.954 0.000233723
  16 36.6363 451.108 1.69046e-05
  17 38.4969 447.746 -0.000182701
  18 40.3576 442.238 -0.000389993
  19 42.2182 444.674 -0.000602546
  20 44.0788 444.432 -0.000850944
5650000 20 8980
  1 8.72689 450.1 -0.00103284
  2 10.5875 448.22 -0.000854831
  3 12.4481 443.824 -0.000656229
  4 14.3088 447.888 -0.000452373
  5 16.1694 443.126 -0.000261222
  6 18.03 442.89 -2.05498e-05
  7 19.8907 449.454 0.000167962
  8 21.7513 442.632 0.000341954
  9 23.6119 456.102 0.000499262
  10 25.4725 453.644 0.000672164
  11 27.3332 458.236 0.000835962
  12 29.1938 461.726 0.000666075
  13 31.0544 452.918 0.000521217
  14 32.915 459.552 0.000389466
  15 34.7757 450.322 0.000228795
  16 36.6363 446.604 6.39574e-05
  17 38.4969 445.928 -0.00016029
  18 40.3576 434.828 -0.000376817
  19 42.2182 446.452 -0.000624892
  20 44.0788 445.554 -0.000822542
5700000 20 8980
  1 8.72689 443.948 -0.00108238
  2 10.5875 452.314 -0.000853575
  3 12.4481 441.298 -0.000681433
  4 14.3088 442.9 -0.000432144
  5 16.1694 444.67 -0.000205692
  6 18.03 447.27 2.31961e-05
  7 19.8907 447.12 0.000213322
  8 21.7513 452.002 0.000398864
  9 23.6119 454.73 0.000557352
  10 25.4725 460.32 0.000681372
  11 27.3332 453.318 0.000855888
  12 29.1938 459.176 0.00066465
  13 31.0544 452.41 0.000514388
  14 32.915 458.734 0.000379142
  15 34.7757 447.6 0.000208096
  16 36.6363 444.02 -9.2862e-06
  17 38.4969 444.464 -0.000216585
  18 40.3576 449.306 -0.000451075
  19 42.2182 439.214 -0.00066844
  20 44.0788 445.186 -0.000865328
5750000 20 8980
  1 8.72689 442.842 -0.00106723
  2 10.5875 444.97 -0.000851307
  3 12.4481 444.692 -0.000662877
  4 14.3088 437.962 -0.00042604
  5 16.1694 448.016 -0.000190383
  6 18.03 440.836 4.67916e-06
  7 19.8907 438.88 0.000215621
  8 21.7513 455.37 0.000412372
  9 23.6119 458.328 0.000526037
  10 25.4725 462.58 0.000667642
  11 27.3332 453.37 0.000799049
  12 29.1938 453.256 0.000647615
  13 31.0544 463.698 0.000504803
  14 32.915 453.576 0.00037718
  15 34.7757 449.684 0.000202244
  16 36.6363 450.906 2.54241e-05
  17 38.4969 442.616 -0.000189625
  18 40.3576 446.25 -0.000422337
  19 42.2182 442.492 -0.000645572
  20 44.0788 449.676 -0.000859904
5800000 20 8980
  1 8.72689 438.886 -0.00102638
  2 10.5875 448.724 -0.000806543
  3 12.4481 443.314 -0.000639426
  4 14.3088 443.834 -0.000413533
  5 16.1694 443.454 -0.000237113
  6 18.03 444.412 -9.41075e-06
  7 19.8907 450.42 0.000178218
  8 21.7513 449.39 0.00038129
  9 23.6119 456.4 0.000531407
  10 25.4725 459.012 0.00065077
  11 27.3332 452.444 0.000812949
  12 29.1938 459.55 0.000646829
  13 31.0544 455.312 0.000488835
  14 32.915 451.004 0.000372523
  15 34.7757 455.088 0.000203525
  16 36.6363 446.618 2.49335e-05
  17 38.4969 444.346 -0.000185448
  18 40.3576 439.444 -0.000388461
  19 42.2182 447.656 -0.000597598
  20 44.0788 450.692 -0.000813421
5850000 20 8980
  1 8.72689 451.194 -0.000992972
  2 10.5875 441.614 -0.000823126
  3 12.4481 443.52 -0.00063664
  4 14.3088 447.076 -0.000427969
  5 16.1694 446.108 -0.000246437
  6 18.03 439.216 -1.82447e-06
  7 19.8907 446.666 0.000184937
  8 21.7513 446.738 0.000365874
  9 23.6119 452.246 0.00053515
  10 25.4725 456.21 0.00066102
  11 27.3332 462.186 0.000795618
  12 29.1938 452.266 0.000648781
  13 31.0544 455.262 0.000498271
  14 32.915 453.514 0.000363473
  15 34.7757 457.2 0.000178157
  16 36.6363 453.29 2.95873e-05
  17 38.4969 441.398 -0.000167943
  18 40.3576 443.628 -0.000393298
  19 42.2182 445.754 -0.000597468
  20 44.0788 444.914 -0.000801393
5900000 20 8980
  1 8.72689 446.846 -0.00104478
  2 10.5875 440.088 -0.000849651
  3 12.4481 448.578 -0.000645035
  4 14.3088 445.334 -0.000428733
  5 16.1694 441.64 -0.000228011
  6 18.03 447.316 -2.33519e-05
  7 19.8907 444.458 0.000188798
  8 21.7513 456.094 0.000357066
  9 23.6119 447.316 0.000497336
  10 25.4725 463.054 0.00068152
  11 27.3332 459.076 0.000806628
  12 29.1938 455.458 0.000636422
  13 31.0544 454.31 0.000513882
  14 32.915 452.944 0.000360904
  15 34.7757 452.272 0.000216471
  16 36.6363 443.622 4.69982e-05
  17 38.4969 449.262 -0.000143999
  18 40.3576 441.73 -0.000374132
  19 42.2182 448.48 -0.000585874
  20 44.0788 442.122 -0.000817363
5950000 20 8980
  1 8.72689 448.624 -0.000975118
  2 10.5875 440.932 -0.000804713
  3 12.4481 451.48 -0.000608799
  4 14.3088 435.234 -0.00041765
  5 16.1694 449.034 -0.000221144
  6 18.03 444.884 -1.30226e-05
  7 19.8907 448.506 0.000185971
  8 21.7513 451.228 0.00037816
  9 23.6119 450.368 0.000538865
  10 25.4725 457.366 0.000667136
  11 27.3332 458.166 0.000819701
  12 29.1938 457.282 0.000653964
  13 31.0544 450.958 0.000489108
  14 32.915 452.908 0.000326038
  15 34.7757 449.05 0.00017171
  16 36.6363 449.774 -7.97155e-06
  17 38.4969 452.138 -0.000189951
  18 40.3576 442.646 -0.000387917
  19 42.2182 447.246 -0.000581317
  20 44.0788 442.176 -0.00079484
6000000 20 8980
  1 8.72689 453.376 -0.00100123
  2 10.5875 443.154 -0.000790178
  3 12.4481 447.244 -0.000621314
  4 14.3088 439.264 -0.00039947
  5 16.1694 444.62 -0.00020711
  6 18.03 446.908 2.55906e-05
  7 19.8907 444.216 0.000183235
  8 21.7513 454.908 0.000370352
  9 23.6119 448.988 0.000518595
  10 25.4725 451.588 0.000645678
  11 27.3332 459.998 0.000803426
  12 29.1938 452.87 0.000635889
  13 31.0544 455.032 0.000490994
  14 32.915 456.552 0.000322997
  15 34.7757 446.22 0.000167956
  16 36.6363 456.88 -4.43723e-06
  17 38.4969 443.344 -0.000177192
  18 40.3576 443.248 -0.000379482
  19 42.2182 443.69 -0.00061496
  20 44.0788 447.9 -0.000804523
6050000 20 8980
  1 8.72689 447.832 -0.00101773
  2 10.5875 439.912 -0.000817891
  3 12.4481 439.598 -0.000609096
  4 14.3088 444.918 -0.000419204
  5 16.1694 448.312 -0.000212797
  6 18.03 439.13 -1.51676e-05
  7 19.8907 441.422 0.000194088
  8 21.7513 452.326 0.000385714
  9 23.6119 451.826 0.000520935
  10 25.4725 462.094 0.000644373
  11 27.3332 458.416 0.000786757
  12 29.1938 457.196 0.000618495
  13 31.0544 454.928 0.000489244
  14 32.915 460.096 0.000346015
  15 34.7757 450.574 0.000189533
  16 36.6363 450.594 1.68384e-05
  17 38.4969 446.244 -0.000214283
  18 40.3576 446.292 -0.000404052
  19 42.2182 446.31 -0.000619803
  20 44.0788 441.98 -0.000802869
6100000 20 8980
  1 8.72689 440.634 -0.000979444
  2 10.5875 445.148 -0.000808513
  3 12.4481 443.914 -0.000626301
  4 14.3088 447.978 -0.000462297
  5 16.1694 448.556 -0.000241523
  6 18.03 440.83 -4.1945e-05
  7 19.8907 441.878 0.0001577
  8 21.7513 448.378 0.000333324
  9 23.6119 450.478 0.000514262
  10 25.4725 463.98 0.000644152
  11 27.3332 458.89 0.000791089
  12 29.1938 455.296 0.000634321
  13 31.0544 458.01 0.000494415
  14 32.915 454.584 0.000354913
  15 34.7757 451.51 0.000193553
  16 36.6363 452.386 4.06621e-05
  17 38.4969 445.342 -0.000140916
  18 40.3576 450.136 -0.000342526
  19 42.2182 435.236 -0.000573772
  20 44.0788 446.836 -0.000800733
6150000 20 8980
  1 8.72689 447.988 -0.000961421
  2 10.5875 448.218 -0.000781473
  3 12.4481 444.8 -0.000596641
  4 14.3088 445.972 -0.000402452
  5 16.1694 442.134 -0.000189115
  6 18.03 446.528 -1.12146e-06
  7 19.8907 439.298 0.00018211
  8 21.7513 460.426 0.000340631
  9 23.6119 455.806 0.000480944
  10 25.4725 456.588 0.000613447
  11 27.3332 458.654 0.00074906
  12 29.1938 460.522 0.000607245
  13 31.0544 452.466 0.00048187
  14 32.915 448.776 0.000343131
  15 34.7757 448.292 0.000183898
  16 36.6363 450.872 2.26859e-05
  17 38.4969 438.45 -0.000179093
  18 40.3576 442.962 -0.000385148
  19 42.2182 444.562 -0.0005909
  20 44.0788 446.686 -0.000765017
6200000 20 8980
  1 8.72689 449.706 -0.000970718
  2 10.5875 446.788 -0.000794229
  3 12.4481 445.348 -0.000617891
  4 14.3088 436.394 -0.000414179
  5 16.1694 442.73 -0.000197259
  6 18.03 446.096 1.05099e-05
  7 19.8907 451.734 0.000166971
  8 21.7513 446.322 0.000345193
  9 23.6119 455.94 0.000471658
  10 25.4725 453.114 0.000598687
  11 27.3332 463.662 0.000758234
  12 29.1938 455.174 0.00059021
  13 31.0544 461.192 0.000485774
  14 32.915 458.368 0.000339234
  15 34.7757 445.574 0.000209534
  16 36.6363 448.112 5.34207e-05
  17 38.4969 440.532 -0.000164276
  18 40.3576 440.202 -0.000343247
  19 42.2182 440.308 -0.000593693
  20 44.0788 452.704 -0.000766394
6250000 20 8980
  1 8.72689 436.546 -0.000976348
  2 10.5875 452.952 -0.00077824
  3 12.4481 443.574 -0.000621852
  4 14.3088 442.1 -0.000417364
  5 16.1694 444.466 -0.000224654
  6 18.03 449.348 -1.45534e-05
  7 19.8907 449.568 0.000164012
  8 21.7513 448.376 0.000331373
  9 23.6119 447.732 0.000480726
  10 25.4725 464.966 0.0006087
  11 27.3332 458.378 0.000759418
  12 29.1938 460.886 0.0006106
  13 31.0544 453.6 0.000471497
  14 32.915 458.732 0.000315111
  15 34.7757 451.752 0.000195602
  16 36.6363 451.886 3.38341e-05
  17 38.4969 433.16 -0.000119376
  18 40.3576 445.86 -0.000361631
  19 42.2182 434.282 -0.000570637
  20 44.0788 451.836 -0.000782869
6300000 20 8980
  1 8.72689 445.148 -0.000988694
  2 10.5875 441.338 -0.000771865
  3 12.4481 442.15 -0.000583176
  4 14.3088 446.59 -0.000376478
  5 16.1694 444.858 -0.000191595
  6 18.03 448.288 2.9847e-06
  7 19.8907 447.426 0.000168057
  8 21.7513 445.13 0.000339252
  9 23.6119 460.788 0.000487484
  10 25.4725 455.664 0.000632813
  11 27.3332 459.91 0.000771807
  12 29.1938 452.386 0.000627333
  13 31.0544 464.278 0.000498504
  14 32.915 446.668 0.000339297
  15 34.7757 455.284 0.000189748
  16 36.6363 447.828 5.78725e-06
  17 38.4969 442.866 -0.000210244
  18 40.3576 444.686 -0.000412456
  19 42.2182 446.164 -0.000599818
  20 44.0788 442.55 -0.000778836
6350000 20 8980
  1 8.72689 455.884 -0.000975149
  2 10.5875 437.966 -0.000793225
  3 12.4481 446.22 -0.000590697
  4 14.3088 447.694 -0.000381561
  5 16.1694 441.384 -0.000143043
  6 18.03 437.016 3.21423e-05
  7 19.8907 451.462 0.000179064
  8 21.7513 453.122 0.000362356
  9 23.6119 456.866 0.000474271
  10 25.4725 456.864 0.00060281
  11 27.3332 456.134 0.000747744
  12 29.1938 453.312 0.000606953
  13 31.0544 456.066 0.000474626
  14 32.915 458.72 0.000327659
  15 34.7757 450.826 0.000169496
  16 36.6363 442.23 6.8041e-06
  17 38.4969 445.498 -0.000184435
  18 40.3576 443.542 -0.000378116
  19 42.2182 445.61 -0.000593304
  20 44.0788 443.584 -0.000785995
6400000 20 8980
  1 8.72689 443.37 -0.000963022
  2 10.5875 444.652 -0.000783157
  3 12.4481 444.542 -0.000610537
  4 14.3088 450.176 -0.000390209
  5 16.1694 439.79 -0.000206937
  6 18.03 445.796 -1.7491e-05
  7 19.8907 442.984 0.000180776
  8 21.7513 453.796 0.000340754
  9 23.6119 459.688 0.000472339
  10 25.4725 451.872 0.000600265
  11 27.3332 457.958 0.000739478
  12 29.1938 458.6 0.000619276
  13 31.0544 460.802 0.000487092
  14 32.915 455.42 0.000350305
  15 34.7757 450.598 0.000195714
  16 36.6363 448.856 5.35121e-05
  17 38.4969 441.402 -0.00013901
  18 40.3576 443.686 -0.000368309
  19 42.2182 437.926 -0.000589856
  20 44.0788 448.086 -0.000801082
6450000 20 8980
  1 8.72689 449.926 -0.000919573
  2 10.5875 439.882 -0.000738331
  3 12.4481 446.802 -0.000567097
  4 14.3088 450.236 -0.000374568
  5 16.1694 441.104 -0.000234852
  6 18.03 447.47 -1.93446e-05
  7 19.8907 444.462 0.000119312
  8 21.7513 449.96 0.000303172
  9 23.6119 447.7 0.000451248
  10 25.4725 455.922 0.000589167
  11 27.3332 454.782 0.00074897
  12 29.1938 457.802 0.000595177
  13 31.0544 458.724 0.000453853
  14 32.915 452.6 0.000320755
  15 34.7757 449.772 0.000185097
  16 36.6363 457.428 3.90293e-05
  17 38.4969 439.596 -0.000105372
  18 40.3576 443.146 -0.000339771
  19 42.2182 446.524 -0.000517744
  20 44.0788 446.162 -0.000718335
6500000 20 8980
  1 8.72689 446.238 -0.000978893
  2 10.5875 446.008 -0.000782962
  3 12.4481 441.71 -0.00061451
  4 14.3088 444.916 -0.000401876
  5 16.1694 442.378 -0.000201306
  6 18.03 448.65 5.50804e-06
  7 19.8907 445.708 0.000200317
  8 21.7513 445.78 0.000359261
  9 23.6119 460.93 0.000494268
  10 25.4725 450.32 0.000622093
  11 27.3332 468.206 0.000748307
  12 29.1938 448.918 0.00059807
  13 31.0544 456.694 0.000463128
  14 32.915 456.964 0.000336808
  15 34.7757 452.674 0.00018652
  16 36.6363 448.676 4.37917e-05
  17 38.4969 444.622 -0.000144146
  18 40.3576 440.562 -0.000358607
  19 42.2182 440.698 -0.000568711
  20 44.0788 449.348 -0.0007752
6550000 20 8980
  1 8.72689 442.52 -0.000946149
  2 10.5875 445.668 -0.000757335
  3 12.4481 440.49 -0.000576492
  4 14.3088 447.194 -0.000368406
  5 16.1694 444.602 -0.000189609
  6 18.03 449.1 -2.77476e-05
  7 19.8907 448.856 0.000160842
  8 21.7513 445.352 0.000286064
  9 23.6119 460.73 0.000444206
  10 25.4725 445.22 0.000560847
  11 27.3332 465.326 0.000730417
  12 29.1938 456.522 0.000597099
  13 31.0544 457.11 0.00046852
  14 32.915 457.322 0.000336452
  15 34.7757 447.994 0.000225556
  16 36.6363 451.07 3.41574e-05
  17 38.4969 443.82 -0.000145071
  18 40.3576 446.456 -0.000335169
  19 42.2182 440.976 -0.000549328
  20 44.0788 443.672 -0.000740208
6600000 20 8980
  1 8.72689 452.366 -0.000935652
  2 10.5875 441.384 -0.000756982
  3 12.4481 442.974 -0.00056959
  4 14.3088 445.63 -0.000369365
  5 16.1694 443.73 -0.000190558
  6 18.03 443.86 -2.05597e-06
  7 19.8907 448.388 0.000173332
  8 21.7513 449.422 0.000303277
  9 23.6119 449.946 0.000465776
  10 25.4725 455.778 0.000578911
  11 27.3332 454.704 0.000746958
  12 29.1938 456.158 0.000599143
  13 31.0544 450.262 0.000445957
  14 32.915 462.82 0.000329765
  15 34.7757 445.922 0.000186356
  16 36.6363 453.96 2.11779e-05
  17 38.4969 452.696 -0.000126247
  18 40.3576 444.256 -0.00031952
  19 42.2182 445.296 -0.000532468
  20 44.0788 440.448 -0.000740851
6650000 20 8980
  1 8.72689 445.582 -0.000911581
  2 10.5875 446.46 -0.000730393
  3 12.4481 450.298 -0.000550211
  4 14.3088 436.322 -0.000376529
  5 16.1694 448.206 -0.000183326
  6 18.03 440.592 1.09108e-05
  7 19.8907 447.648 0.000203741
  8 21.7513 449.386 0.000331441
  9 23.6119 460.472 0.000473101
  10 25.4725 453.77 0.000580073
  11 27.3332 455.952 0.000723209
  12 29.1938 451.232 0.000582448
  13 31.0544 456.86 0.000434937
  14 32.915 457.426 0.000300611
  15 34.7757 450.686 0.000175627
  16 36.6363 453.878 5.10064e-06
  17 38.4969 441.848 -0.000154599
  18 40.3576 443.36 -0.000353633
  19 42.2182 444.124 -0.000566747
  20 44.0788 445.898 -0.000732074
6700000 20 8980
  1 8.72689 446.562 -0.000946948
  2 10.5875 442.98 -0.000757957
  3 12.4481 445.958 -0.000575107
  4 14.3088 444.238 -0.000394441
  5 16.1694 441.002 -0.00016887
  6 18.03 448.576 2.76824e-06
  7 19.8907 443.722 0.000181396
  8 21.7513 453.34 0.000334889
  9 23.6119 454.884 0.000462944
  10 25.4725 459.208 0.000574441
  11 27.3332 464.682 0.000705019
  12 29.1938 456.726 0.000587628
  13 31.0544 453.042 0.00045606
  14 32.915 458.178 0.000334146
  15 34.7757 448.748 0.000172914
  16 36.6363 453.016 4.00516e-05
  17 38.4969 440.064 -0.000161563
  18 40.3576 440.286 -0.000342098
  19 42.2182 443.27 -0.000546563
  20 44.0788 441.518 -0.00074997
6750000 20 8980
  1 8.72689 451.668 -0.000925133
  2 10.5875 446.392 -0.000750131
  3 12.4481 444.438 -0.000582131
  4 14.3088 445.216 -0.000401087
  5 16.1694 439.998 -0.000183775
  6 18.03 450.494 1.39611e-06
  7 19.8907 447.132 0.000186753
  8 21.7513 449.6 0.000331261
  9 23.6119 453.144 0.0004658
  10 25.4725 456.258 0.000589441
  11 27.3332 460.342 0.00069244
  12 29.1938 459.652 0.000559244
  13 31.0544 454.976 0.000429528
  14 32.915 457.218 0.000304544
  15 34.7757 450.144 0.000178439
  16 36.6363 443.952 2.09456e-05
  17 38.4969 449.742 -0.000164849
  18 40.3576 436.63 -0.000347897
  19 42.2182 446.168 -0.00053063
  20 44.0788 436.836 -0.000709661
6800000 20 8980
  1 8.72689 452.312 -0.000880694
  2 10.5875 443.522 -0.000711222
  3 12.4481 448.434 -0.000561608
  4 14.3088 442.112 -0.000368931
  5 16.1694 441.928 -0.000182579
  6 18.03 444.536 -1.65272e-05
  7 19.8907 446.306 0.000134989
  8 21.7513 449.774 0.000300919
  9 23.6119 460.878 0.000447351
  10 25.4725 457.706 0.000533173
  11 27.3332 459.018 0.00068032
  12 29.1938 460.794 0.000543253
  13 31.0544 451.424 0.000454736
  14 32.915 453.564 0.00030379
  15 34.7757 448.412 0.000201786
  16 36.6363 447.836 3.58708e-05
  17 38.4969 449.698 -0.000143118
  18 40.3576 440.236 -0.000307814
  19 42.2182 442.898 -0.000514852
  20 44.0788 438.612 -0.000700239
6850000 20 8980
  1 8.72689 450.488 -0.000895906
  2 10.5875 441.682 -0.000730546
  3 12.4481 447.616 -0.000574908
  4 14.3088 441.038 -0.000378999
  5 16.1694 440.208 -0.000172703
  6 18.03 442.544 2.03384e-05
  7 19.8907 450.548 0.000175593
  8 21.7513 449.254 0.000353872
  9 23.6119 454.548 0.000452098
  10 25.4725 459.078 0.000577658
  11 27.3332 458.75 0.000708006
  12 29.1938 457.872 0.000573669
  13 31.0544 458.738 0.000449963
  14 32.915 457.716 0.000324238
  15 34.7757 444.78 0.000172139
  16 36.6363 446.074 -1.58182e-06
  17 38.4969 443.222 -0.000205475
  18 40.3576 443.236 -0.000361016
  19 42.2182 454.052 -0.000570115
  20 44.0788 438.556 -0.000736007
6900000 20 8980
  1 8.72689 451.416 -0.000890423
  2 10.5875 441.002 -0.000700909
  3 12.4481 442.546 -0.000522422
  4 14.3088 450.688 -0.000328409
  5 16.1694 445.622 -0.000173662
  6 18.03 447.934 -1.25457e-05
  7 19.8907 439.16 0.000158553
  8 21.7513 455.48 0.000297279
  9 23.6119 454.27 0.00044171
  10 25.4725 455.448 0.000543001
  11 27.3332 452.638 0.000666787
  12 29.1938 449.956 0.000529063
  13 31.0544 463.986 0.000422442
  14 32.915 455.392 0.000305816
  15 34.7757 450.846 0.000167095
  16 36.6363 443.616 3.43344e-05
  17 38.4969 448.596 -0.000130237
  18 40.3576 443.476 -0.000320941
  19 42.2182 447.152 -0.000538823
  20 44.0788 440.776 -0.000696152
6950000 20 8980
  1 8.72689 447.856 -0.000843046
  2 10.5875 448.054 -0.000662889
  3 12.4481 443.47 -0.000516112
  4 14.3088 441.088 -0.000331863
  5 16.1694 447.802 -0.000173346
  6 18.03 449.338 -1.70519e-05
  7 19.8907 448.486 0.000149888
  8 21.7513 446.094 0.000284239
  9 23.6119 446.872 0.00041105
  10 25.4725 453.352 0.000534882
  11 27.3332 453.744 0.000678559
  12 29.1938 450.426 0.000529935
  13 31.0544 454.784 0.00042342
  14 32.915 453.958 0.000307352
  15 34.7757 455.202 0.000163787
  16 36.6363 455.366 5.21202e-05
  17 38.4969 447.18 -0.000120996
  18 40.3576 442.534 -0.000287027
  19 42.2182 441.684 -0.000481494
  20 44.0788 452.71 -0.000680805
7000000 20 8980
  1 8.72689 444.892 -0.000871754
  2 10.5875 453.678 -0.000687243
  3 12.4481 443.332 -0.000545007
  4 14.3088 451.696 -0.000376936
  5 16.1694 444.706 -0.000178341
  6 18.03 441.968 -1.57249e-05
  7 19.8907 449.484 0.00014256
  8 21.7513 450.598 0.00034608
  9 23.6119 456.398 0.000454007
  10 25.4725 459.018 0.000559289
  11 27.3332 449.306 0.000701998
  12 29.1938 462.668 0.00056486
  13 31.0544 450.898 0.000428511
  14 32.915 450.42 0.000312727
  15 34.7757 449.14 0.000152458
  16 36.6363 446.87 1.56294e-05
  17 38.4969 445.72 -0.000134866
  18 40.3576 441.138 -0.000307972
  19 42.2182 445.844 -0.00052481
  20 44.0788 442.226 -0.000696418
