# Time-averaged data for fix totalE
# TimeStep v_Temp v_Etotal v_Enth
2005000 373.641 -3708.18 -3709.45
2010000 374.213 -3706.27 -3705.64
2015000 373.696 -3707.78 -3706.75
2020000 373.617 -3708.92 -3706.62
2025000 373.155 -3707.89 -3708.1
2030000 374.638 -3703.53 -3703.09
2035000 373.716 -3707.13 -3707.94
2040000 375.106 -3702.76 -3701.52
2045000 375.303 -3703.91 -3704.49
2050000 375.285 -3701.81 -3701.9
2055000 375.929 -3699.58 -3699.18
2060000 376.48 -3699.36 -3698.21
2065000 376.412 -3700.79 -3702.63
2070000 377.138 -3697.51 -3697.53
2075000 376.986 -3698.61 -3697.87
2080000 376.442 -3700.24 -3701.3
2085000 377.47 -3696.91 -3695.57
2090000 377.401 -3697.25 -3697.68
2095000 377.778 -3696.88 -3697.51
2100000 377.558 -3697.02 -3696.52
2105000 377.748 -3696.11 -3696.67
2110000 378.786 -3693.8 -3694.51
2115000 379.086 -3693.72 -3694.84
2120000 378.207 -3695.95 -3697.36
2125000 378.517 -3694.85 -3696.48
2130000 379.936 -3692.38 -3692.57
2135000 379.594 -3691.79 -3693.62
2140000 379.596 -3691.68 -3690.2
2145000 380.118 -3690.43 -3691.83
2150000 379.293 -3691.78 -3692.3
2155000 381.03 -3689.22 -3688.6
2160000 381.839 -3687.02 -3685.3
2165000 381.295 -3687.49 -3687.69
2170000 381.494 -3688.77 -3687.14
2175000 382.368 -3683.98 -3685.49
2180000 382.482 -3685.72 -3684.22
2185000 381.684 -3687.27 -3687.08
2190000 382.143 -3686.66 -3685.62
2195000 382.863 -3685.01 -3683.59
2200000 382.465 -3684.79 -3685
2205000 383.67 -3682.98 -3683.91
2210000 383.473 -3682.36 -3683.63
2215000 383.527 -3683.19 -3683.42
2220000 383.691 -3683.37 -3682.81
2225000 384.731 -3680.42 -3680.9
2230000 385.077 -3678.44 -3678.12
2235000 384.242 -3680.18 -3680.18
2240000 385.655 -3677.96 -3680.05
2245000 385.958 -3678 -3679.17
2250000 384.802 -3679.4 -3679.29
2255000 385.263 -3679.22 -3681.3
2260000 386.789 -3673.83 -3672.71
2265000 385.92 -3676.05 -3677.07
2270000 386.168 -3674.98 -3673.77
2275000 386.993 -3674.18 -3674.77
2280000 386.255 -3676.25 -3677.06
2285000 387.107 -3673.6 -3673.55
2290000 387.246 -3674.38 -3674.13
2295000 387.561 -3673.16 -3673.56
2300000 387.378 -3673 -3673.09
2305000 388.76 -3671.7 -3672.12
2310000 388.815 -3671.32 -3672.11
2315000 388.479 -3673.71 -3672.93
2320000 388.587 -3671.35 -3672.34
2325000 388.947 -3671.36 -3671.4
2330000 389.675 -3669.04 -3668.15
2335000 390.136 -3668.01 -3667.85
2340000 389.664 -3666.98 -3665.65
2345000 390.913 -3665.6 -3666.59
2350000 390.061 -3668.38 -3667.82
2355000 390.701 -3665.47 -3664.25
2360000 391.403 -3662.3 -3662.67
2365000 391.353 -3660.9 -3658.97
2370000 392.274 -3660.27 -3660.81
2375000 392.145 -3661.58 -3661.32
2380000 390.637 -3663.1 -3662.78
2385000 392.295 -3658.53 -3657.86
2390000 392.32 -3659.89 -3658.92
2395000 392.406 -3660.43 -3661.36
2400000 392.744 -3658.54 -3656.49
2405000 393.711 -3656.66 -3656.28
2410000 393.192 -3657.12 -3657.41
2415000 393.587 -3656.22 -3653.52
2420000 393.463 -3657.37 -3655.26
2425000 394.56 -3653.87 -3654.14
2430000 394.294 -3656.31 -3657.53
2435000 393.945 -3655.43 -3655.53
2440000 394.363 -3654.9 -3656.92
2445000 394.449 -3653.58 -3654.96
2450000 394.91 -3652.83 -3654.63
2455000 395.805 -3650.54 -3650.47
2460000 396.171 -3646.55 -3648.57
2465000 396.639 -3644.87 -3643.73
2470000 396.405 -3644.72 -3644.3
2475000 395.714 -3648.62 -3650.33
2480000 397.621 -3644.93 -3645.68
2485000 397.458 -3646.42 -3646.76
2490000 396.429 -3647.24 -3647.55
2495000 398.065 -3641.66 -3641.62
2500000 397.504 -3643.24 -3642.6
2505000 398.645 -3641.46 -3643.32
2510000 398.118 -3642.94 -3642.92
2515000 398.583 -3641.6 -3641.37
2520000 399.585 -3637.72 -3638.21
2525000 399.705 -3638.33 -3638.22
2530000 399.84 -3637.17 -3636.8
2535000 399.774 -3636.31 -3635.3
2540000 399.475 -3635.71 -3634.34
2545000 400.483 -3633.44 -3633.13
2550000 400.612 -3631.09 -3629.66
2555000 400.38 -3632.89 -3633.5
2560000 400.792 -3632.63 -3635.25
2565000 400.729 -3631.49 -3630.4
2570000 400.958 -3632.49 -3633.67
2575000 401.352 -3632.66 -3632.43
2580000 401.925 -3632.43 -3632.62
2585000 402.367 -3631.54 -3631.76
2590000 401.902 -3632.77 -3634.81
2595000 402.672 -3630.02 -3629.66
2600000 402.661 -3628.66 -3628.84
2605000 403.463 -3628.86 -3629.15
2610000 402.787 -3630.39 -3630.17
2615000 402.833 -3627.22 -3626.21
2620000 403.356 -3626.87 -3627.21
2625000 403.514 -3627.77 -3629.58
2630000 404.605 -3623.91 -3622.96
2635000 404.611 -3625.86 -3626.62
2640000 404.208 -3626.15 -3626.84
2645000 404.466 -3624.39 -3624.3
2650000 405.681 -3621.82 -3623.06
2655000 405.6 -3620.67 -3620.4
2660000 405.748 -3619.31 -3620.93
2665000 406.066 -3617.65 -3617.27
2670000 406.631 -3618.6 -3618.93
2675000 407.182 -3618.37 -3620.82
2680000 406.665 -3617.84 -3617.67
2685000 407.084 -3616.98 -3616.4
2690000 407.371 -3617.05 -3615.22
2695000 406.818 -3617.57 -3617.65
2700000 407.838 -3615.22 -3616.71
2705000 408.23 -3614.2 -3613.74
2710000 408.872 -3612.76 -3611.18
2715000 408.547 -3612.41 -3613
2720000 408.019 -3610.77 -3608.49
2725000 409.082 -3609.72 -3608.02
2730000 409.827 -3608.48 -3607.93
2735000 408.69 -3613.52 -3614.08
2740000 410.146 -3608.68 -3608.04
2745000 410.635 -3605.89 -3608.07
2750000 409.97 -3605.83 -3605.88
2755000 410.898 -3602.25 -3602.16
2760000 411.015 -3602.11 -3602.27
2765000 411.116 -3603.08 -3602.39
2770000 411.369 -3604.22 -3604.58
2775000 410.97 -3606.09 -3604.05
2780000 412.243 -3602.86 -3602.54
2785000 411.817 -3602.8 -3602.17
2790000 412.097 -3600.69 -3600.98
2795000 413.023 -3597.76 -3595.51
2800000 412.329 -3599.97 -3598.7
2805000 413.236 -3600.81 -3600.06
2810000 413.03 -3600.41 -3598.82
2815000 414.532 -3593.31 -3593.33
2820000 413.974 -3595.41 -3592.88
2825000 413.973 -3596.99 -3596.1
2830000 413.858 -3598.31 -3595.47
2835000 414.617 -3594.32 -3596.89
2840000 413.888 -3594.73 -3594.55
2845000 415.929 -3589.11 -3588.27
2850000 415.69 -3591.47 -3591.41
2855000 415.513 -3593.78 -3592.29
2860000 416.085 -3590.84 -3590.8
2865000 415.851 -3591.07 -3589.15
2870000 416.049 -3594.23 -3591.37
2875000 416.369 -3595.8 -3597.22
2880000 416.66 -3595.05 -3597.03
2885000 416.896 -3590.47 -3590.36
2890000 416.789 -3590.6 -3590.02
2895000 417.44 -3590.24 -3590.23
2900000 417.243 -3592.9 -3594.79
2905000 417.86 -3589.95 -3590.96
2910000 418.284 -3587.98 -3589.71
2915000 418.79 -3587.41 -3587.45
2920000 417.826 -3588.79 -3588.49
2925000 419.177 -3585.59 -3586.15
2930000 420.416 -3585.03 -3582.13
2935000 419.201 -3586.95 -3587.23
2940000 419.816 -3583.39 -3581.54
2945000 420.474 -3582.17 -3581.3
2950000 420.875 -3580.8 -3580.3
2955000 420.192 -3583.82 -3583.45
2960000 420.392 -3582.81 -3582.35
2965000 420.171 -3580.5 -3579.04
2970000 421.566 -3576.87 -3577.4
2975000 421.043 -3579.67 -3581.04
2980000 421.396 -3579.51 -3580.27
2985000 421.99 -3577.13 -3576.39
2990000 422.253 -3578.96 -3577.89
2995000 422.207 -3580.05 -3580.84
3000000 423.044 -3577.81 -3578.58
3005000 422.49 -3577.89 -3577.38
3010000 423.149 -3577.62 -3576.83
3015000 423.862 -3575.16 -3574.81
3020000 425.012 -3574.36 -3574.51
3025000 424.621 -3574.47 -3571.26
3030000 424.738 -3575.41 -3576.67
3035000 425.234 -3573.21 -3574.11
3040000 424 -3574.2 -3574.81
3045000 425.036 -3572.84 -3571.34
3050000 425.19 -3571.78 -3572.52
3055000 425.394 -3569.84 -3567.93
3060000 425.595 -3569 -3568.94
3065000 426.676 -3567.12 -3568.35
3070000 426.152 -3569.14 -3565.43
3075000 426.216 -3566.78 -3567.45
3080000 426.596 -3566.17 -3568.24
3085000 426.216 -3567.65 -3565.37
3090000 427.59 -3562.31 -3559.51
3095000 426.839 -3562.48 -3562.16
3100000 427.804 -3560.11 -3560.11
3105000 428.125 -3559.9 -3561.88
3110000 427.898 -3559.08 -3559.18
3115000 429.397 -3555.95 -3554.08
3120000 429.271 -3556.6 -3557.42
3125000 429.452 -3555.88 -3555.88
3130000 429.281 -3554.12 -3552.66
3135000 429.856 -3552.3 -3552.3
3140000 430.194 -3554.2 -3553.01
3145000 430.663 -3550.12 -3551.59
3150000 430.374 -3549.87 -3546.61
3155000 430.563 -3549.59 -3549.22
3160000 431.817 -3549.36 -3549.48
3165000 430.97 -3552.38 -3551.61
3170000 431.018 -3551.29 -3549.35
3175000 431.491 -3552.13 -3554.24
3180000 431.164 -3554.58 -3556.24
3185000 432.45 -3552.74 -3549.79
3190000 432.942 -3551.56 -3551.23
3195000 432.846 -3551.11 -3552.11
3200000 433.153 -3549.86 -3548.78
3205000 432.997 -3550.06 -3550.73
3210000 432.785 -3550.16 -3549.45
3215000 434.232 -3547.13 -3546.81
3220000 433.832 -3546.15 -3544.02
3225000 434.418 -3543.94 -3546.12
3230000 434.622 -3544.13 -3542.34
3235000 433.79 -3546.36 -3544.47
3240000 434.836 -3545.17 -3545.12
3245000 435.662 -3542.9 -3539.55
3250000 434.813 -3545.56 -3546.14
3255000 435.125 -3544.59 -3543.61
3260000 436.415 -3541.68 -3541.54
3265000 435.749 -3542.23 -3540.47
3270000 436.574 -3541.67 -3544.29
3275000 436.117 -3542.59 -3541.61
3280000 436.594 -3542.94 -3542.16
3285000 437.432 -3537.95 -3539.53
3290000 437.549 -3538.16 -3536.61
3295000 437.868 -3542.49 -3543.39
3300000 438.722 -3537.84 -3538.69
3305000 438.536 -3538.77 -3539.82
3310000 438.192 -3537.22 -3536.93
3315000 439.697 -3534.59 -3537.23
3320000 438.637 -3534.16 -3532.49
3325000 438.978 -3532.9 -3533.16
3330000 439.558 -3532.91 -3535.57
3335000 439.952 -3533.34 -3532.74
3340000 439.413 -3531.79 -3531.63
3345000 440.215 -3531.34 -3530.45
3350000 440.756 -3532.5 -3531.42
3355000 440.582 -3534.83 -3534.16
3360000 440.899 -3531.2 -3533.82
3365000 441.102 -3529.92 -3529.57
3370000 441.789 -3530.42 -3529.38
3375000 440.856 -3532.45 -3532.51
3380000 442.072 -3531.76 -3534.75
3385000 441.975 -3530.73 -3529.7
3390000 442.381 -3530.96 -3532.73
3395000 441.849 -3533.39 -3531.47
3400000 443.08 -3532.22 -3534.21
3405000 443.256 -3529.96 -3528.53
3410000 443.619 -3531.42 -3533.13
3415000 442.974 -3532.66 -3532.99
3420000 443.354 -3532.15 -3532.63
3425000 443.654 -3530.25 -3528.29
3430000 443.759 -3530 -3529.59
3435000 445.067 -3528.38 -3527.58
3440000 444.856 -3525.45 -3525.5
3445000 445.714 -3525.07 -3523.65
3450000 445.475 -3523.65 -3521.66
3455000 445.085 -3525.54 -3523.83
3460000 444.88 -3528.47 -3530.08
3465000 445.795 -3520.67 -3519.61
3470000 446.493 -3518.15 -3519.85
3475000 446.978 -3518.26 -3517.7
3480000 447.062 -3518.51 -3518.61
3485000 447.465 -3514.64 -3516.36
3490000 446.972 -3517.71 -3515.5
3495000 447.915 -3516 -3516.35
3500000 447.784 -3520.49 -3521.89
3505000 447.818 -3520.67 -3522.23
3510000 448.419 -3517.77 -3514.85
3515000 448.279 -3517.57 -3519.77
3520000 449.881 -3511.24 -3511.23
3525000 448.218 -3514.82 -3512.81
3530000 449.963 -3510.63 -3509.32
3535000 449.69 -3511.83 -3511.29
3540000 449.839 -3511.48 -3513.67
3545000 450.46 -3511.14 -3512.83
3550000 450.66 -3509.73 -3508.09
3555000 450.313 -3511.75 -3511.94
3560000 450.93 -3508.29 -3507.97
3565000 451.941 -3506.03 -3506.51
3570000 452.025 -3507.84 -3506.76
3575000 451.57 -3508.48 -3508.99
3580000 451.246 -3509.86 -3508.85
3585000 451.562 -3507.75 -3506.75
3590000 452.041 -3505.2 -3506.36
3595000 452.145 -3508.31 -3505.25
3600000 453.215 -3507.17 -3508.59
3605000 452.758 -3507.43 -3507.89
3610000 453.321 -3507.95 -3508.12
3615000 453.188 -3506.62 -3505.21
3620000 454.765 -3502.91 -3505.82
3625000 454.277 -3505.29 -3506.49
3630000 453.692 -3508.13 -3509.87
3635000 454.742 -3504.22 -3502.86
3640000 454.407 -3501.85 -3502.8
3645000 455.327 -3501.79 -3502.03
3650000 455.752 -3499.02 -3498.56
3655000 454.985 -3502.54 -3502.81
3660000 456.169 -3502.16 -3501.96
3665000 456.248 -3504.31 -3504.52
3670000 456.85 -3502.62 -3503.67
3675000 455.853 -3504.81 -3508.01
3680000 456.197 -3503.05 -3503.22
3685000 457.409 -3498.37 -3496.25
3690000 458.403 -3498.55 -3498.54
3695000 457.223 -3500.17 -3499.96
3700000 457.59 -3497.38 -3497.5
3705000 458.157 -3498.55 -3499.49
3710000 458.77 -3496.08 -3497.11
3715000 458.563 -3495.97 -3493.56
3720000 457.869 -3496.57 -3496.82
3725000 459.207 -3492.38 -3493.15
3730000 459.331 -3494.33 -3493.77
3735000 459.83 -3490.05 -3488.56
3740000 459.603 -3487.99 -3488.44
3745000 460.434 -3487.43 -3486.33
3750000 460.14 -3488.72 -3492
3755000 461.045 -3487.1 -3488.59
3760000 461.114 -3486.76 -3489.11
3765000 461.492 -3485.73 -3485.08
3770000 461.336 -3488.24 -3486.02
3775000 462.542 -3484.5 -3485.28
3780000 462.229 -3488.65 -3492.22
3785000 462.375 -3491.54 -3492.95
3790000 461.86 -3491.06 -3491.02
3795000 462.969 -3488.88 -3490.86
3800000 462.958 -3485.01 -3485.17
3805000 463.719 -3481.97 -3482.83
3810000 463.868 -3483.78 -3483.66
3815000 463.187 -3484.41 -3483.99
3820000 463.926 -3480.66 -3477.67
3825000 464.098 -3481 -3482
3830000 463.359 -3482.65 -3482.71
3835000 463.598 -3481.68 -3479.39
3840000 465.55 -3477.46 -3475.75
3845000 464.903 -3477.39 -3475.99
3850000 464.647 -3478.19 -3480.6
3855000 465.929 -3474.83 -3476.36
3860000 465.913 -3470.9 -3470.39
3865000 466.703 -3468.15 -3469.37
3870000 465.918 -3471.2 -3471.1
3875000 467.355 -3470.75 -3469.61
3880000 466.684 -3470.99 -3471.41
3885000 466.611 -3472.1 -3473.49
3890000 467.093 -3473.03 -3473.3
3895000 466.775 -3471.53 -3472.67
3900000 468.416 -3470.79 -3467.61
3905000 467.744 -3470.21 -3470.93
3910000 467.143 -3468.14 -3470.82
3915000 469.577 -3461.81 -3461.68
3920000 468.573 -3463.71 -3464.81
3925000 468.846 -3463.32 -3461.76
3930000 469.508 -3461.3 -3460.83
3935000 469.596 -3463.78 -3464.03
3940000 469.024 -3463.88 -3466.8
3945000 470.324 -3464.03 -3465.2
3950000 469.893 -3468.02 -3469.27
3955000 471.096 -3464.42 -3463.94
3960000 470.76 -3460.89 -3461.2
3965000 471.088 -3457.65 -3458.46
3970000 470.887 -3456.75 -3457.07
3975000 471.21 -3459.31 -3459.35
3980000 472.371 -3457.6 -3455.35
3985000 472.845 -3454.71 -3456.37
3990000 472.239 -3455.8 -3455.42
3995000 473.766 -3453.22 -3455.43
4000000 473.43 -3448.56 -3447.77
4005000 473.635 -3446.59 -3448.07
4010000 473.578 -3446.48 -3447.12
4015000 474.021 -3445.46 -3447.14
4020000 473.816 -3447.82 -3447.59
4025000 474.45 -3449.33 -3448.02
4030000 474.368 -3450.06 -3448.13
4035000 475.467 -3443.43 -3443.38
4040000 475.059 -3439.36 -3438.64
4045000 475.354 -3439.35 -3441.08
4050000 476.351 -3438.09 -3437.77
4055000 475.822 -3441.66 -3441.63
4060000 475.866 -3442.35 -3442.03
4065000 476.487 -3438.8 -3439.37
4070000 477.619 -3432.75 -3432.31
4075000 476.832 -3435.83 -3434.29
4080000 476.413 -3439.56 -3441.58
4085000 477.416 -3437 -3435.43
4090000 476.978 -3440.12 -3438.62
4095000 477.901 -3438.74 -3439.02
4100000 477.725 -3438.82 -3438.85
4105000 477.956 -3435.39 -3432.81
4110000 477.673 -3434.53 -3433.17
4115000 478.164 -3432.42 -3433.69
4120000 478.466 -3430.83 -3432.18
4125000 479.097 -3428.68 -3427.73
4130000 480.379 -3424.88 -3424.91
4135000 480.139 -3426.05 -3426.29
4140000 479.237 -3430.3 -3429.82
4145000 480.284 -3427.79 -3427.79
4150000 480.266 -3428.48 -3428.27
4155000 480.528 -3430.32 -3431.77
4160000 480.541 -3428.73 -3428.87
4165000 481.825 -3426.46 -3427.24
4170000 482.216 -3427.69 -3426.98
4175000 481.549 -3428.7 -3427.73
4180000 481.345 -3426.63 -3427.09
4185000 481.025 -3422.93 -3419.97
4190000 482.137 -3418.44 -3419.47
4195000 482.658 -3415.4 -3415.17
4200000 482.539 -3417.1 -3414.8
4205000 482.528 -3416.86 -3415.54
4210000 483.377 -3413.91 -3416.78
4215000 483.437 -3415.57 -3413.89
4220000 484.374 -3414.77 -3414.17
4225000 484.248 -3414.47 -3413.16
4230000 484.269 -3413 -3416.24
4235000 484.493 -3415.67 -3414.93
4240000 483.99 -3419.47 -3418.6
4245000 484.832 -3411.48 -3410.45
4250000 485.635 -3406.8 -3406.63
4255000 485.608 -3407.09 -3406.01
4260000 485.123 -3405.8 -3404.24
4265000 485.816 -3405.3 -3405.1
4270000 486.389 -3403.13 -3402.35
4275000 486.322 -3403.03 -3404.08
4280000 487.528 -3405.19 -3404.63
4285000 486.963 -3407.75 -3407.47
4290000 487.338 -3404.61 -3405.56
4295000 487.263 -3402.79 -3400.29
4300000 487.528 -3404.48 -3405.17
4305000 488.057 -3398.43 -3396.28
4310000 488.792 -3399.09 -3397.53
4315000 489.485 -3398.31 -3398.2
4320000 489.019 -3399.97 -3399
4325000 489.937 -3397.32 -3397.88
4330000 488.458 -3403.6 -3404.74
4335000 489.622 -3402.9 -3400.64
4340000 489.368 -3404.43 -3404.9
4345000 489.222 -3402.3 -3402.98
4350000 490.277 -3401.49 -3402.77
4355000 490.31 -3399.89 -3400.07
4360000 490.99 -3396.46 -3396.29
4365000 490.908 -3393.43 -3394.32
4370000 491.436 -3391.59 -3386.24
4375000 491.289 -3391.87 -3394.41
4380000 491.26 -3391.2 -3392.1
4385000 493.049 -3383.57 -3383.14
4390000 492.936 -3386.46 -3385.51
4395000 493 -3390.47 -3390.29
4400000 493.378 -3385.83 -3385.27
4405000 492.415 -3387.09 -3389.85
4410000 494.088 -3387.25 -3386.89
4415000 493.34 -3387.24 -3390.4
4420000 494.314 -3385.1 -3382.95
4425000 494.489 -3384.68 -3381.96
4430000 493.934 -3386.05 -3386.27
4435000 494.724 -3382.12 -3378.54
4440000 495.002 -3382.49 -3383.52
4445000 494.261 -3382.15 -3378.83
4450000 495.483 -3376.92 -3377.12
4455000 495.257 -3379.39 -3379.29
4460000 495.232 -3377.66 -3375.13
4465000 497.232 -3377.75 -3378.37
4470000 496.318 -3377.59 -3378.09
4475000 495.9 -3379.48 -3380.54
4480000 496.787 -3376.6 -3375.97
4485000 498.109 -3376.06 -3375.44
4490000 497.56 -3377.77 -3379.32
4495000 497.203 -3372.23 -3371.09
4500000 497.641 -3373.12 -3373.78
4505000 497.901 -3375.21 -3376.49
4510000 497.259 -3374.28 -3371.91
4515000 498.629 -3369.72 -3370.4
4520000 499.001 -3368.72 -3368
4525000 498.021 -3367.19 -3365.68
4530000 499.74 -3365.04 -3362.67
4535000 499.276 -3365.21 -3364.34
4540000 499.639 -3362.22 -3360.39
4545000 499.92 -3365.17 -3364.7
4550000 499.519 -3368.7 -3368.72
4555000 501.229 -3361.42 -3361.61
4560000 500.976 -3359.85 -3360.71
4565000 501.945 -3359.54 -3356.76
4570000 501.487 -3362.58 -3362.74
4575000 501.558 -3362.62 -3361.09
4580000 502.383 -3363.68 -3362.38
4585000 502.662 -3362.43 -3362.47
4590000 502.589 -3362.66 -3360
4595000 503.65 -3355.48 -3356.13
4600000 502.334 -3359.35 -3361.51
4605000 502.445 -3361.36 -3362.21
4610000 502.831 -3359.13 -3358.04
4615000 503.007 -3362.04 -3361.58
4620000 503.198 -3358.66 -3358.53
4625000 503.614 -3354.58 -3355.92
4630000 504.893 -3350.82 -3349
4635000 504.953 -3352.82 -3351.67
4640000 504.998 -3352.24 -3352.89
4645000 504.761 -3353.55 -3351.34
4650000 505.779 -3351.96 -3349.25
4655000 505.55 -3350.64 -3350.9
4660000 506.478 -3347.27 -3346.84
4665000 505.753 -3352.5 -3349.67
4670000 506.482 -3352.11 -3354.62
4675000 506.998 -3347.56 -3347.01
4680000 506.727 -3348.89 -3351.93
4685000 507.092 -3346.05 -3346.08
4690000 508.126 -3346.24 -3346.04
4695000 508.075 -3345.22 -3346.56
4700000 507.633 -3343.82 -3343.9
4705000 508.199 -3341.77 -3341.02
4710000 509.614 -3337.74 -3339.23
4715000 507.485 -3341.44 -3340.43
4720000 508.485 -3336.58 -3339.74
4725000 509.121 -3334.05 -3333.2
4730000 509.591 -3334.62 -3337.27
4735000 509.833 -3334.69 -3335.32
4740000 510.265 -3337.82 -3339.23
4745000 509.968 -3337.84 -3337.53
4750000 511.681 -3335.59 -3334.47
4755000 510.908 -3338.86 -3338.88
4760000 511.724 -3334.12 -3332.37
4765000 510.614 -3336.94 -3336.77
4770000 510.583 -3335.11 -3334.35
4775000 510.681 -3335.33 -3337.33
4780000 512.388 -3328.33 -3325.22
4785000 512.383 -3325.96 -3325.72
4790000 512.306 -3326.66 -3327.8
4795000 512.714 -3325.54 -3327.06
4800000 511.836 -3326.05 -3326.23
4805000 513.891 -3324.36 -3322.16
4810000 512.605 -3327.06 -3328.24
4815000 513.76 -3323.59 -3323.31
4820000 513.943 -3323.67 -3322.5
4825000 514.195 -3321.54 -3320
4830000 514.496 -3321.22 -3323.11
4835000 514.439 -3319.31 -3319.35
4840000 514.738 -3320.62 -3320.32
4845000 514.268 -3321.42 -3322.77
4850000 515.829 -3316.97 -3316.82
4855000 514.86 -3321.99 -3324.19
4860000 515.697 -3321.95 -3321.25
4865000 515.657 -3323.99 -3323.86
4870000 517.337 -3313.19 -3312.96
4875000 516.847 -3314.58 -3315.59
4880000 516.162 -3318.74 -3319.17
4885000 516.935 -3317.83 -3317.27
4890000 516.081 -3321.98 -3323.96
4895000 517.523 -3318.59 -3317.11
4900000 517.62 -3315.78 -3315.48
4905000 518.471 -3311.79 -3313.36
4910000 518.061 -3310.56 -3309.56
4915000 518.433 -3309.69 -3307.75
4920000 519.451 -3308.11 -3307.68
4925000 519.065 -3309.8 -3311.01
4930000 520.231 -3306.3 -3305.29
4935000 519.943 -3307.02 -3305.31
4940000 519.26 -3310.79 -3308.81
4945000 520.314 -3309.22 -3308.55
4950000 520.216 -3310.55 -3310.18
4955000 521.485 -3304.23 -3305.4
4960000 520.052 -3305.97 -3308.47
4965000 521.145 -3305.06 -3305.85
4970000 521.946 -3304.05 -3306.68
4975000 521.332 -3302.47 -3302.61
4980000 522.251 -3302.92 -3303.49
4985000 522.094 -3303.95 -3301.56
4990000 522.113 -3303.28 -3303.48
4995000 521.957 -3301.24 -3302.17
5000000 522.998 -3298.98 -3297.95
5005000 522.697 -3300.76 -3303.67
5010000 524.333 -3296.08 -3295.75
5015000 524.065 -3296.08 -3299.01
5020000 523.995 -3293.2 -3294.59
5025000 524.323 -3294.39 -3293.54
5030000 523.463 -3294.81 -3292.93
5035000 525.003 -3289.87 -3292.56
5040000 524.559 -3292.75 -3293.73
5045000 525.931 -3286.33 -3285.03
5050000 525.478 -3286.71 -3286.33
5055000 525.47 -3288.92 -3286.74
5060000 525.635 -3285.59 -3284.56
5065000 526.087 -3280.69 -3282.18
5070000 526.318 -3281.01 -3278.41
5075000 527.133 -3281.76 -3282.76
5080000 526.886 -3284.04 -3284.46
5085000 527.374 -3283.29 -3286.61
5090000 528.007 -3280.68 -3279.41
5095000 526.942 -3280.62 -3280.07
5100000 527.252 -3282.41 -3285.11
5105000 528.655 -3277.01 -3278.12
5110000 529.204 -3281.11 -3282.42
5115000 528.062 -3279.74 -3280.2
5120000 530.344 -3274.93 -3276.3
5125000 529.173 -3276.59 -3278.92
5130000 530.081 -3273.78 -3274.29
5135000 529.484 -3274.12 -3273.34
5140000 530.809 -3270.39 -3269.73
5145000 529.599 -3274.73 -3277.27
5150000 529.885 -3272.42 -3274.29
5155000 530.332 -3274.16 -3273.11
5160000 530.909 -3273.42 -3273.23
5165000 530.448 -3271.17 -3269.53
5170000 531.417 -3272.24 -3273.8
5175000 530.828 -3270.81 -3270.41
5180000 532.113 -3271.94 -3271.79
5185000 531.821 -3273.04 -3271.42
5190000 532.631 -3269.97 -3273.07
5195000 534.083 -3263.85 -3265.17
5200000 533.1 -3267.49 -3268.63
5205000 533.577 -3264.67 -3263.72
5210000 534.451 -3259.54 -3259.15
5215000 533.501 -3267.32 -3268.91
5220000 533.907 -3266.48 -3267.38
5225000 533.318 -3265.78 -3265.97
5230000 534.727 -3262.45 -3259.31
5235000 534.976 -3266.66 -3266.84
5240000 534.453 -3266.9 -3265.83
5245000 534.83 -3266.83 -3264.93
5250000 534.863 -3267.13 -3265.39
5255000 535.878 -3268.15 -3266.82
5260000 536.132 -3262.75 -3263.49
5265000 535.674 -3256.51 -3256.69
5270000 537.034 -3257.26 -3259.03
5275000 537.055 -3255.75 -3252.7
5280000 537.215 -3252.42 -3255.17
5285000 536.592 -3255.58 -3254.57
5290000 537.172 -3253.98 -3253.77
5295000 537.266 -3258.54 -3259.35
5300000 537.488 -3256.93 -3256.42
5305000 537.221 -3255.2 -3252.69
5310000 536.817 -3253.87 -3253.29
5315000 539.539 -3248.18 -3247.08
5320000 539.303 -3248.45 -3248.38
5325000 540.518 -3247.5 -3248.97
5330000 539.266 -3245.38 -3246.89
5335000 540.059 -3247.22 -3248.41
5340000 539.832 -3251.87 -3254.44
5345000 540.5 -3246.7 -3244.64
5350000 541.02 -3244.7 -3245.12
5355000 541.216 -3242.59 -3242.08
5360000 540.006 -3246.64 -3247.02
5365000 541.309 -3241.39 -3242.44
5370000 541.433 -3241.97 -3242.86
5375000 541.66 -3238.88 -3237.14
5380000 542.711 -3234.87 -3233.25
5385000 542.213 -3237.48 -3239.86
5390000 542.856 -3236.07 -3236.63
5395000 542.572 -3237.79 -3237.11
5400000 542.457 -3232.53 -3235.03
5405000 543.079 -3232.67 -3232.04
5410000 543.442 -3232.8 -3235.47
5415000 543.603 -3234.24 -3232.04
5420000 543.653 -3235.48 -3236.42
5425000 543.335 -3239.03 -3239.36
5430000 543.902 -3235.58 -3238.29
5435000 543.939 -3232.62 -3234.79
5440000 546.187 -3224.49 -3224.54
5445000 545.856 -3223.07 -3223.7
5450000 545.763 -3222.93 -3225.16
5455000 545.631 -3223.01 -3220.91
5460000 545.756 -3222.97 -3223.1
5465000 546.228 -3222.43 -3220.89
5470000 547.498 -3219.03 -3220.33
5475000 546.633 -3223 -3218.93
5480000 548.024 -3219.89 -3223.69
5485000 547.444 -3223.28 -3224.76
5490000 547.538 -3221.46 -3222
5495000 547.838 -3223.2 -3221.49
5500000 547.578 -3218.38 -3218.46
5505000 548.68 -3214.96 -3213.8
5510000 548.085 -3215.57 -3215.35
5515000 548.93 -3214.87 -3214.77
5520000 549.112 -3216.57 -3217.69
5525000 548.009 -3217.28 -3216.41
5530000 549.402 -3216.75 -3215.71
5535000 548.993 -3219.14 -3216.02
5540000 550.408 -3214.23 -3215.98
5545000 549.94 -3217.17 -3216.04
5550000 550.756 -3214.07 -3212.82
5555000 551.4 -3209.61 -3210.44
5560000 551.062 -3206.41 -3207.01
5565000 551.253 -3210.94 -3210.88
5570000 551.144 -3214.76 -3212.65
5575000 551.564 -3211.11 -3210.87
5580000 552.07 -3208.9 -3209.75
5585000 552.497 -3207.68 -3207.56
5590000 553.107 -3201.13 -3198.36
5595000 552.789 -3199.75 -3197.8
5600000 553.698 -3205.27 -3206.49
5605000 551.831 -3204.58 -3203.9
5610000 554.231 -3198.62 -3200.33
5615000 553.951 -3199.89 -3195.85
5620000 554.688 -3202.88 -3203.51
5625000 552.821 -3208.66 -3207.63
5630000 553.341 -3203.09 -3201.97
5635000 553.945 -3205.38 -3204.82
5640000 555.609 -3199.16 -3199.47
5645000 554.804 -3201.99 -3203.86
5650000 556.349 -3203.64 -3202.86
5655000 555.96 -3199.91 -3201.35
5660000 555.384 -3196.33 -3196.98
5665000 557.365 -3195.63 -3194.94
5670000 556.654 -3200.17 -3200.44
5675000 556.786 -3199.65 -3201.3
5680000 556.496 -3194.65 -3191.84
5685000 556.494 -3195.43 -3195.38
5690000 557.342 -3191.69 -3190.97
5695000 557.968 -3188.93 -3183.69
5700000 558.488 -3188.01 -3190.55
5705000 558.53 -3188.01 -3185.16
5710000 558.388 -3189.98 -3193.37
5715000 557.749 -3199.41 -3197.94
5720000 558.542 -3193.59 -3192.95
5725000 558.097 -3192.06 -3191.46
5730000 559.81 -3187.02 -3186.05
5735000 560.577 -3186.08 -3185.95
5740000 559.21 -3190.37 -3192.97
5745000 558.879 -3190.13 -3191.55
5750000 560.767 -3186.3 -3185.81
5755000 560.749 -3186.49 -3185.22
5760000 560.696 -3179.27 -3180.1
5765000 561.963 -3179.98 -3179.28
5770000 561.433 -3184.45 -3185.43
5775000 561.334 -3181.3 -3178.45
5780000 562.322 -3176.78 -3175.29
5785000 562.418 -3174.57 -3172.57
5790000 562.083 -3175.66 -3176.16
5795000 561.089 -3182.43 -3178.99
5800000 562.456 -3180.06 -3178.49
5805000 562.235 -3178.44 -3178.32
5810000 562.881 -3171.77 -3173.75
5815000 563.499 -3171.58 -3170.3
5820000 564.242 -3169.85 -3170.21
5825000 564.105 -3170.01 -3171.27
5830000 564.579 -3171.55 -3170.77
5835000 565.304 -3167.12 -3168.29
5840000 565.383 -3170.02 -3169.22
5845000 565.435 -3165.67 -3164.85
5850000 565.121 -3169.07 -3167.71
5855000 566.255 -3168.47 -3169.63
5860000 565.17 -3171.78 -3171.66
5865000 566.096 -3167.8 -3169.29
5870000 565.407 -3170.88 -3168.9
5875000 566.644 -3161.25 -3160.61
5880000 565.939 -3163.5 -3164.53
5885000 566.663 -3158.39 -3156.65
5890000 567.658 -3159.94 -3159.33
5895000 567.342 -3160.11 -3159.69
5900000 567.643 -3159.94 -3161.51
5905000 567.127 -3165.08 -3166.2
5910000 568.593 -3159.48 -3157.91
5915000 568.826 -3160.71 -3160.92
5920000 568.734 -3156.77 -3155.29
5925000 568.812 -3155.2 -3152.8
5930000 569.314 -3154.93 -3153.16
5935000 570.488 -3152.19 -3154.36
5940000 569.457 -3156.5 -3155.95
5945000 569.852 -3161.98 -3159.88
5950000 569.767 -3158.26 -3156.71
5955000 570.02 -3159 -3159.85
5960000 569.811 -3158.81 -3157.01
5965000 570.65 -3155.29 -3155.57
5970000 571.026 -3157.75 -3156.64
5975000 571.933 -3154.18 -3153.78
5980000 571.238 -3150.98 -3152.83
5985000 572.504 -3147.18 -3146.62
5990000 572.606 -3145.42 -3144.47
5995000 573.242 -3142.81 -3144.19
6000000 573.734 -3138.78 -3137.96
6005000 571.666 -3146.84 -3145.1
6010000 573.582 -3145.68 -3148.86
6015000 574.074 -3142.33 -3141.49
6020000 573.171 -3147.86 -3147.13
6025000 574.286 -3144.61 -3143.61
6030000 574.375 -3143.77 -3142.25
6035000 575.089 -3139.53 -3141.1
6040000 575.134 -3136.31 -3134
6045000 574.969 -3136.61 -3137.83
6050000 576.422 -3130.57 -3128.84
6055000 576.004 -3133.7 -3133.64
6060000 575.232 -3139.93 -3140.26
6065000 576.694 -3130.58 -3131.92
6070000 575.43 -3139.19 -3136.52
6075000 576.684 -3138.25 -3138.6
6080000 577.23 -3126.69 -3123.35
6085000 576.612 -3135.34 -3136.95
6090000 578.159 -3132.56 -3129.89
6095000 577.602 -3132.96 -3132.75
6100000 578.206 -3133.9 -3134.3
6105000 578.663 -3127.78 -3128.47
6110000 578.975 -3130.29 -3130.54
6115000 578.452 -3132.46 -3132.4
6120000 579.005 -3132.12 -3132.47
6125000 578.493 -3128.65 -3126.69
6130000 579.02 -3134.36 -3135.16
6135000 579.568 -3126.7 -3125.68
6140000 580.068 -3125.79 -3124.31
6145000 580.324 -3126.41 -3126.92
6150000 582.061 -3116.83 -3118.36
6155000 579.849 -3125.32 -3123.14
6160000 581.353 -3117.64 -3116.87
6165000 581.42 -3118.54 -3117.55
6170000 581.528 -3114.94 -3118.4
6175000 582.283 -3113.94 -3114.56
6180000 582.585 -3119.39 -3118.74
6185000 581.77 -3123.9 -3122.48
6190000 581.322 -3118.72 -3117.6
6195000 582.236 -3116.16 -3117.06
6200000 583.825 -3111.31 -3110.43
6205000 583.603 -3110.88 -3112.16
6210000 584.2 -3112.02 -3108.7
6215000 583.643 -3113.27 -3114.11
6220000 584.093 -3112.52 -3111.37
6225000 583.259 -3110.69 -3109.1
6230000 584.914 -3107.2 -3106.66
6235000 583.799 -3114.59 -3114.6
6240000 585.232 -3107.8 -3104.55
6245000 584.942 -3107.1 -3106.98
6250000 584.971 -3112.34 -3114.32
6255000 585.991 -3108.13 -3105.07
6260000 585.887 -3106.37 -3109.31
6265000 586.119 -3108.34 -3105.87
6270000 586.992 -3106.97 -3107.48
6275000 587.213 -3102.59 -3105.69
6280000 587.985 -3100.25 -3101.16
6285000 587.067 -3102.6 -3098.17
6290000 587.518 -3103.04 -3104.03
6295000 586.836 -3099.54 -3100.31
6300000 587.459 -3100.18 -3102.42
6305000 588.848 -3101.3 -3101.63
6310000 589.247 -3099.19 -3100.98
6315000 588.603 -3098.31 -3100.53
6320000 588.19 -3099.15 -3098.12
6325000 589.089 -3097.34 -3097.17
6330000 588.917 -3098.91 -3099.42
6335000 589.98 -3098.96 -3100.65
6340000 589.857 -3090.08 -3091.87
6345000 590.072 -3092.9 -3091.9
6350000 590.83 -3092.98 -3093.27
6355000 590.353 -3091.93 -3090.61
6360000 591.191 -3092.2 -3093.07
6365000 591.241 -3090.1 -3089.66
6370000 591.471 -3089.97 -3089.85
6375000 591.126 -3091.42 -3093.9
6380000 591.708 -3088.76 -3091.36
6385000 592.661 -3083.62 -3083.44
6390000 593.261 -3079.38 -3077.74
6395000 593.517 -3083.07 -3082.08
6400000 593.783 -3087.81 -3085.6
6405000 593.466 -3083.99 -3083.64
6410000 593.07 -3089.47 -3087.69
6415000 593.019 -3092.7 -3091.36
6420000 594.504 -3086.78 -3090.28
6425000 594.469 -3083.74 -3083.5
6430000 594.111 -3087.72 -3088.4
6435000 595.202 -3080.15 -3079.91
6440000 594.39 -3078.94 -3079.76
6445000 594.612 -3077.76 -3080.09
6450000 596.33 -3074.67 -3076.8
6455000 594.663 -3080.76 -3080.91
6460000 595.863 -3077.98 -3077.07
6465000 596.542 -3070.59 -3071.12
6470000 596.235 -3077.64 -3077.67
6475000 596.768 -3076.35 -3072.78
6480000 597.646 -3069.72 -3070.71
6485000 596.521 -3071.83 -3072.52
6490000 596.985 -3072.8 -3073.6
6495000 598.184 -3071.03 -3070.73
6500000 598.328 -3069.08 -3070.11
6505000 598.934 -3060.98 -3064.27
6510000 597 -3072.38 -3067.16
6515000 598.705 -3071.5 -3070.7
6520000 598.783 -3073.97 -3073.99
6525000 598.221 -3074.96 -3073.56
6530000 598.954 -3072.25 -3071.56
6535000 599.149 -3068.87 -3069.28
6540000 599.783 -3066.78 -3069.66
6545000 600.072 -3064.21 -3061.49
6550000 600.003 -3067.42 -3067.44
6555000 600.026 -3065.45 -3062.65
6560000 601.556 -3060.7 -3059.03
6565000 600.774 -3063.24 -3065.13
6570000 601.486 -3062.58 -3061.5
6575000 600.953 -3061.24 -3060.53
6580000 602.231 -3056.69 -3056.68
6585000 602.074 -3059.14 -3059.11
6590000 602.304 -3056.1 -3054.67
6595000 602.022 -3063.91 -3065.59
6600000 603.497 -3053.79 -3053.43
6605000 603.237 -3056.35 -3059.33
6610000 603.161 -3054.4 -3051.11
6615000 603.534 -3055.84 -3057.27
6620000 603.524 -3057.49 -3057.73
6625000 603.962 -3055.94 -3056.64
6630000 603.452 -3054.83 -3057.09
6635000 604.386 -3052.18 -3048.9
6640000 604.745 -3055.21 -3055.16
6645000 605.307 -3052.98 -3053.05
6650000 605.615 -3051.75 -3052.76
6655000 605.797 -3046.91 -3049.13
6660000 606.594 -3045.39 -3042.73
6665000 606.552 -3043.93 -3046.12
6670000 605.567 -3045.99 -3044.68
6675000 606.909 -3041.98 -3043.86
6680000 606.262 -3049.12 -3047.23
6685000 607.209 -3048.28 -3048.17
6690000 607.782 -3045.95 -3046.57
6695000 606.903 -3042.04 -3043.36
6700000 607.375 -3040.19 -3039.71
6705000 608.758 -3039.38 -3038.91
6710000 608.654 -3039.9 -3042.14
6715000 609.16 -3041.31 -3043.18
6720000 609.224 -3036.31 -3035.74
6725000 608.279 -3039.09 -3035.83
6730000 608.968 -3033.59 -3037.33
6735000 609.89 -3032.92 -3032.46
6740000 609.842 -3034.26 -3035.48
6745000 610.866 -3030 -3027.71
6750000 610.308 -3031.59 -3032.33
6755000 610.271 -3035.35 -3035.7
6760000 609.766 -3028.77 -3026.23
6765000 610.37 -3033.13 -3033.24
6770000 611.304 -3031.78 -3029.74
6775000 611.901 -3029.76 -3028.87
6780000 612.771 -3027.01 -3027.2
6785000 613.023 -3028.68 -3027.39
6790000 611.789 -3032.27 -3029.6
6795000 612.087 -3031.07 -3032.79
6800000 611.661 -3029.74 -3030.08
6805000 613.492 -3024.23 -3023.01
6810000 612.602 -3023.37 -3023.44
6815000 613.725 -3022.42 -3024.14
6820000 613.01 -3029.55 -3030.83
6825000 613.725 -3024.94 -3025.63
6830000 614.948 -3020.75 -3022.01
6835000 615.054 -3019.62 -3019.07
6840000 614.282 -3020.21 -3023.06
6845000 614.955 -3017.76 -3017.63
6850000 615.275 -3018.58 -3017.99
6855000 614.942 -3019.77 -3019.09
6860000 615.451 -3020.89 -3021.48
6865000 615.686 -3013.66 -3015.05
6870000 616.165 -3015.31 -3012.5
6875000 616.138 -3018.87 -3019.11
6880000 615.777 -3019.17 -3019.02
6885000 617.132 -3019.43 -3018.95
6890000 617.39 -3014.57 -3012.42
6895000 616.788 -3015.01 -3016.56
6900000 618.122 -3008.1 -3009.78
6905000 617.718 -3006.79 -3005.11
6910000 619.093 -3006.86 -3004.85
6915000 617.508 -3013.53 -3014.78
6920000 618.17 -3013.54 -3012.83
6925000 618.773 -3007.12 -3005.19
6930000 619.166 -3004.87 -3002.94
6935000 618.828 -3010.23 -3011.78
6940000 620.844 -3003.78 -3004.27
6945000 620.036 -3005.99 -3003.3
6950000 619.626 -3001.31 -2999.7
6955000 620.961 -3001.11 -3000.11
6960000 620.984 -3005.43 -3002.09
6965000 620.162 -3004.55 -3001.66
6970000 620.862 -3000.43 -3003.2
6975000 621.256 -3004.25 -3005.32
6980000 623.064 -2997.89 -3001.24
6985000 621.391 -3001.93 -3002.64
6990000 622.694 -2994.45 -2992.75
6995000 622.853 -2994.79 -2994.51
7000000 622.63 -2996.35 -2997.46
7005000 622.953 -2996.62 -2997.02
7010000 623.215 -2996.71 -2997.55
7015000 622.748 -2999.36 -3000.78
7020000 623.73 -2996.28 -2999.24
7025000 623.375 -2992.99 -2991.32
7030000 624.864 -2993.71 -2995.66
7035000 623.265 -2992.18 -2991.3
7040000 624.659 -2991.18 -2991.8
7045000 625.194 -2988.5 -2985.5
7050000 625.464 -2987.87 -2986.45
7055000 626.165 -2986.11 -2985.85
7060000 625.498 -2985.74 -2984.5
7065000 625.663 -2991.22 -2991.43
7070000 626.389 -2987.35 -2988.01
7075000 626.323 -2982.25 -2984.91
7080000 627.9 -2978.76 -2977.73
7085000 628.437 -2981.53 -2979.28
7090000 627.217 -2982.04 -2985.26
7095000 628.29 -2980.73 -2976.13
7100000 628.542 -2978.66 -2977.79
7105000 628.317 -2978.42 -2978.23
7110000 629.548 -2982.88 -2984.71
7115000 628.713 -2980.35 -2979.46
7120000 629.369 -2982.54 -2983.06
7125000 627.877 -2983.11 -2984.4
7130000 629.935 -2977.81 -2978.64
7135000 628.233 -2982.23 -2982.91
7140000 629.437 -2975.03 -2978.2
7145000 630.21 -2973.22 -2972.51
7150000 632.172 -2971.17 -2971.66
7155000 630.098 -2975.19 -2976.39
7160000 631.072 -2969.59 -2970.59
7165000 630.16 -2979.85 -2980.13
7170000 631.328 -2977.43 -2978.71
7175000 631.847 -2974.95 -2972.55
7180000 632.299 -2968.21 -2967.25
7185000 630.937 -2973.28 -2971.73
7190000 632.612 -2966.69 -2972.47
7195000 633.268 -2964.39 -2962.83
7200000 632.212 -2969.92 -2971.58
7205000 633.401 -2964.27 -2965.54
7210000 633.079 -2967.8 -2968.25
7215000 634.188 -2969.37 -2971.25
7220000 634.704 -2963.29 -2964.95
7225000 633.7 -2959.43 -2961.02
7230000 634.869 -2958.9 -2957.93
7235000 634.328 -2962.59 -2961.2
7240000 635.482 -2957.98 -2957.01
7245000 635.883 -2960.64 -2962.12
7250000 635.125 -2960.75 -2960.42
7255000 635.241 -2959.66 -2959.71
7260000 634.629 -2959.64 -2956.77
7265000 636.85 -2955.52 -2958.68
7270000 636.062 -2957.18 -2956.33
7275000 636.638 -2953.9 -2953.42
7280000 636.334 -2955.9 -2956.41
7285000 636.946 -2954.19 -2951.65
7290000 638.236 -2947.96 -2949.49
7295000 637.287 -2955.12 -2952.3
7300000 637.285 -2951.89 -2949.75
7305000 638.65 -2951.47 -2950.92
7310000 639.568 -2953.01 -2953.02
7315000 639.075 -2952.12 -2949.4
7320000 637.791 -2953.82 -2952.35
7325000 639.563 -2945.99 -2950.89
7330000 637.91 -2953 -2949.92
7335000 639.737 -2950.96 -2951.14
7340000 639.355 -2950.86 -2951.82
7345000 639.803 -2944.97 -2946.58
7350000 639.883 -2944.38 -2940.86
7355000 641.45 -2944.48 -2946.73
7360000 640.462 -2943.98 -2941.59
7365000 640.633 -2938.69 -2938.45
7370000 641.235 -2944.11 -2942.61
7375000 641.543 -2941.16 -2944.33
7380000 641.391 -2946.6 -2945.9
7385000 641.756 -2943.96 -2945.83
7390000 642.983 -2929.08 -2928.09
7395000 642.818 -2930.51 -2929.73
7400000 644.133 -2930.98 -2928.01
7405000 644.164 -2932.28 -2933.09
7410000 642.659 -2936.36 -2940.1
7415000 642.878 -2933.73 -2933.34
7420000 642.733 -2937.22 -2937.18
7425000 644.473 -2932.65 -2933.06
7430000 644.567 -2926.86 -2926.63
7435000 645.793 -2927.27 -2925.92
7440000 646.321 -2922.1 -2920.43
7445000 645.19 -2926.67 -2927.38
7450000 644.443 -2933.22 -2932.91
7455000 647.229 -2928.37 -2932.11
7460000 645.534 -2927.77 -2925.09
7465000 646.031 -2925.1 -2923.67
7470000 647.022 -2922.13 -2919.34
7475000 646.24 -2928.62 -2928.25
7480000 645.99 -2926.18 -2925.92
7485000 647.28 -2918.68 -2918.69
7490000 646.972 -2924.41 -2924.8
7495000 647.549 -2917.21 -2918.36
7500000 648.571 -2920.29 -2917.36
7505000 648.412 -2922.17 -2921.09
7510000 649.609 -2921.73 -2922.13
7515000 648.136 -2919.56 -2918.71
7520000 649.189 -2917.34 -2918.45
7525000 648.695 -2913.79 -2914.99
7530000 649.347 -2918.58 -2921.05
7535000 650.316 -2911.94 -2910.94
7540000 651.238 -2916.05 -2919.02
7545000 648.835 -2918.41 -2918.27
7550000 649.991 -2917.3 -2917.01
7555000 650.538 -2910.64 -2908.3
7560000 651.231 -2907.1 -2907.37
7565000 650.919 -2911.71 -2910.19
7570000 652.488 -2906.55 -2906.84
7575000 651.643 -2906.79 -2907.23
7580000 652.061 -2909.93 -2908.79
7585000 653.266 -2907.33 -2909.86
7590000 650.923 -2913.94 -2913.85
7595000 652.891 -2906.51 -2906.77
7600000 652.862 -2906.63 -2905.76
7605000 654.116 -2903.46 -2904.52
7610000 652.747 -2905.94 -2907.29
7615000 653.616 -2908.54 -2907.39
7620000 653.581 -2908.1 -2908.26
7625000 653.76 -2904.56 -2904.25
7630000 655.053 -2900.74 -2901.56
7635000 655.166 -2904.66 -2902.62
7640000 653.877 -2902.14 -2901
7645000 655.102 -2900.02 -2898.72
7650000 654.799 -2898.89 -2899.57
7655000 655.843 -2899.02 -2902.38
7660000 656.1 -2899.24 -2898.73
7665000 656.114 -2900.91 -2899.91
7670000 656.629 -2899.83 -2901.19
7675000 657.045 -2897.45 -2898.67
7680000 656.37 -2899.08 -2897.41
7685000 656.712 -2897.45 -2896.35
7690000 657.509 -2895.41 -2896.2
7695000 658.545 -2889.21 -2890.66
7700000 657.683 -2887.78 -2887.67
7705000 657.849 -2886.36 -2887.22
7710000 658.126 -2887.43 -2885.77
7715000 659.356 -2884.9 -2886.69
7720000 658.315 -2886.57 -2887.25
7725000 659.163 -2888.48 -2886.84
7730000 659.468 -2888.36 -2889.69
7735000 659.041 -2886.92 -2885.92
7740000 658.086 -2891.51 -2886.9
7745000 660.428 -2883.03 -2880.02
7750000 659.756 -2885.68 -2882.87
7755000 660.399 -2881.03 -2882.49
7760000 660.359 -2883.38 -2882.12
7765000 661.963 -2880.64 -2882.94
7770000 661.141 -2885.55 -2885.06
7775000 661.491 -2885.61 -2888.2
7780000 662.436 -2878.97 -2881.72
7785000 661.884 -2879.74 -2879.61
7790000 663.263 -2877.34 -2879.65
7795000 662.608 -2878.17 -2882.09
7800000 661.774 -2884.94 -2883.22
7805000 663.212 -2877.24 -2876.7
7810000 664.369 -2872.31 -2876.92
7815000 663.125 -2875.95 -2875.32
7820000 663.892 -2873.49 -2872.25
7825000 664.612 -2872.6 -2869.58
7830000 662.757 -2874.39 -2873.98
7835000 664.275 -2875.98 -2874.9
7840000 663.873 -2876.47 -2875.52
7845000 665.116 -2876.32 -2875.03
7850000 664.919 -2872.98 -2872.48
7855000 666.977 -2867.62 -2867.46
7860000 666.19 -2869.73 -2871.14
7865000 666.281 -2869.74 -2870.94
7870000 666.042 -2870.19 -2872.7
7875000 667.712 -2866.59 -2867.29
7880000 666.262 -2869.14 -2871.16
7885000 667.007 -2865.34 -2866.1
7890000 666.972 -2867.92 -2866.02
7895000 667.947 -2864.79 -2865.63
7900000 667.439 -2862.33 -2862.29
7905000 669.806 -2863.38 -2862.45
7910000 668.155 -2866.38 -2868.51
7915000 668.058 -2866.58 -2866.29
7920000 669.04 -2858.65 -2858.5
7925000 670.252 -2858.53 -2856.05
7930000 668.538 -2858.81 -2858.45
7935000 670.174 -2858.13 -2856.21
7940000 670.135 -2856.13 -2855.61
7945000 670.441 -2856.47 -2853.86
7950000 670.3 -2855.66 -2856.65
7955000 671.173 -2856.84 -2858.43
7960000 670.213 -2855.81 -2854.22
7965000 671.187 -2851.37 -2850.9
7970000 671.967 -2849.55 -2849.72
7975000 671.6 -2853.99 -2852.84
7980000 673.059 -2844.66 -2844.3
7985000 672.478 -2849.44 -2853.71
7990000 673.039 -2846.41 -2844.43
7995000 673.087 -2844.28 -2845.45
8000000 674.149 -2841.49 -2837.22
